   0.6000000E+01  -0.2580984E+00  -0.1588991E+02  -0.1481320E+02  -0.1455434E+02  -0.1442056E+02  -0.1429625E+02  -0.1395614E+02  -0.1387460E+02  -0.1362122E+02  -0.1611496E+02  -0.1472583E+02  -0.1447929E+02  -0.1433754E+02  -0.1419152E+02  -0.1681057E+02  -0.1642090E+02  -0.1486316E+02  -0.1480010E+02  -0.1458215E+02  -0.1451994E+02  -0.1429890E+02   0.5278523E+02   0.4091523E+02   0.3917903E+02   0.3872333E+02
   0.6100000E+01  -0.2552044E+00  -0.1621422E+02  -0.1514778E+02  -0.1489473E+02  -0.1476249E+02  -0.1463952E+02  -0.1429220E+02  -0.1420204E+02  -0.1398904E+02  -0.1643583E+02  -0.1506202E+02  -0.1482108E+02  -0.1467918E+02  -0.1453757E+02  -0.1711343E+02  -0.1673321E+02  -0.1519745E+02  -0.1513556E+02  -0.1492168E+02  -0.1486092E+02  -0.1464165E+02   0.5268044E+02   0.4081044E+02   0.3922589E+02   0.3883620E+02
   0.6200000E+01  -0.2525994E+00  -0.1631517E+02  -0.1525666E+02  -0.1500599E+02  -0.1487475E+02  -0.1475339E+02  -0.1440680E+02  -0.1431471E+02  -0.1411077E+02  -0.1653432E+02  -0.1517157E+02  -0.1493297E+02  -0.1479180E+02  -0.1465372E+02  -0.1720170E+02  -0.1682613E+02  -0.1530616E+02  -0.1524475E+02  -0.1503261E+02  -0.1497248E+02  -0.1475518E+02   0.5260968E+02   0.4073968E+02   0.3923005E+02   0.3886806E+02
   0.6300000E+01  -0.2483903E+00  -0.1614540E+02  -0.1508877E+02  -0.1483786E+02  -0.1470982E+02  -0.1458947E+02  -0.1425559E+02  -0.1416935E+02  -0.1395470E+02  -0.1636580E+02  -0.1500461E+02  -0.1476700E+02  -0.1462837E+02  -0.1449073E+02  -0.1703838E+02  -0.1666201E+02  -0.1513879E+02  -0.1507724E+02  -0.1486635E+02  -0.1480567E+02  -0.1459191E+02   0.5255266E+02   0.4068266E+02   0.3917357E+02   0.3880373E+02
   0.6400000E+01  -0.2437090E+00  -0.1613432E+02  -0.1509142E+02  -0.1484632E+02  -0.1472120E+02  -0.1460261E+02  -0.1427734E+02  -0.1419324E+02  -0.1397199E+02  -0.1635282E+02  -0.1500923E+02  -0.1477719E+02  -0.1464163E+02  -0.1450541E+02  -0.1701252E+02  -0.1664622E+02  -0.1514081E+02  -0.1508045E+02  -0.1487472E+02  -0.1481502E+02  -0.1460563E+02   0.5239296E+02   0.4052296E+02   0.3912572E+02   0.3878822E+02
   0.6500000E+01  -0.1886867E+00  -0.1613846E+02  -0.1515985E+02  -0.1495396E+02  -0.1485809E+02  -0.1476527E+02  -0.1452466E+02  -0.1449203E+02  -0.1423549E+02  -0.1634857E+02  -0.1508845E+02  -0.1490428E+02  -0.1479481E+02  -0.1468822E+02  -0.1697085E+02  -0.1663048E+02  -0.1520571E+02  -0.1515237E+02  -0.1497915E+02  -0.1493138E+02  -0.1476642E+02   0.5226235E+02   0.4039235E+02   0.3907557E+02   0.3875747E+02
   0.6600000E+01   0.4425406E-02  -0.1582575E+02  -0.1489562E+02  -0.1473360E+02  -0.1472124E+02  -0.1473802E+02  -0.1492428E+02  -0.1528517E+02  -0.1457511E+02  -0.1602721E+02  -0.1483310E+02  -0.1472599E+02  -0.1471716E+02  -0.1474026E+02  -0.1661860E+02  -0.1629447E+02  -0.1494027E+02  -0.1489221E+02  -0.1475510E+02  -0.1473496E+02  -0.1472527E+02   0.5204024E+02   0.4017024E+02   0.3892715E+02   0.3860921E+02
   0.6700000E+01   0.5905267E+00  -0.1539327E+02  -0.1445096E+02  -0.1437206E+02  -0.1461194E+02  -0.1496259E+02  -0.1588842E+02  -0.1660112E+02  -0.1558108E+02  -0.1559875E+02  -0.1439865E+02  -0.1447185E+02  -0.1478667E+02  -0.1515837E+02  -0.1621366E+02  -0.1587152E+02  -0.1450187E+02  -0.1445687E+02  -0.1438618E+02  -0.1444052E+02  -0.1490731E+02   0.5174673E+02   0.3987673E+02   0.3876573E+02   0.3845859E+02
   0.6800000E+01   0.1122887E+01  -0.1511201E+02  -0.1423017E+02  -0.1431404E+02  -0.1484302E+02  -0.1543692E+02  -0.1665482E+02  -0.1744462E+02  -0.1638212E+02  -0.1531144E+02  -0.1420686E+02  -0.1454888E+02  -0.1516224E+02  -0.1573405E+02  -0.1590821E+02  -0.1557393E+02  -0.1428740E+02  -0.1425631E+02  -0.1431246E+02  -0.1447058E+02  -0.1535796E+02   0.5133045E+02   0.3946045E+02   0.3860808E+02   0.3832983E+02
   0.6900000E+01   0.1364843E+01  -0.1477317E+02  -0.1392369E+02  -0.1407621E+02  -0.1473630E+02  -0.1544106E+02  -0.1677601E+02  -0.1760000E+02  -0.1652537E+02  -0.1496962E+02  -0.1391229E+02  -0.1436129E+02  -0.1512136E+02  -0.1578028E+02  -0.1555402E+02  -0.1522858E+02  -0.1398827E+02  -0.1395985E+02  -0.1406763E+02  -0.1426816E+02  -0.1535185E+02   0.5056963E+02   0.3869963E+02   0.3844352E+02   0.3818115E+02
   0.7000000E+01   0.1290045E+01  -0.1446555E+02  -0.1365533E+02  -0.1381720E+02  -0.1444473E+02  -0.1510724E+02  -0.1634450E+02  -0.1715273E+02  -0.1605800E+02  -0.1465913E+02  -0.1364878E+02  -0.1409720E+02  -0.1480756E+02  -0.1541801E+02  -0.1522870E+02  -0.1491890E+02  -0.1371229E+02  -0.1368976E+02  -0.1380806E+02  -0.1400378E+02  -0.1502035E+02   0.5005551E+02   0.3818551E+02   0.3829835E+02   0.3804130E+02
   0.7100000E+01   0.1120803E+01  -0.1414736E+02  -0.1340432E+02  -0.1359811E+02  -0.1416417E+02  -0.1471892E+02  -0.1582148E+02  -0.1659207E+02  -0.1546148E+02  -0.1434027E+02  -0.1341063E+02  -0.1387909E+02  -0.1447008E+02  -0.1498255E+02  -0.1490131E+02  -0.1461229E+02  -0.1344830E+02  -0.1343952E+02  -0.1358833E+02  -0.1378176E+02  -0.1464504E+02   0.4955463E+02   0.3768463E+02   0.3814633E+02   0.3789843E+02
   0.7200000E+01   0.9128716E+00  -0.1390216E+02  -0.1320656E+02  -0.1337289E+02  -0.1384436E+02  -0.1428576E+02  -0.1524446E+02  -0.1596642E+02  -0.1480793E+02  -0.1408559E+02  -0.1321096E+02  -0.1362361E+02  -0.1408861E+02  -0.1450009E+02  -0.1461434E+02  -0.1434450E+02  -0.1324184E+02  -0.1323616E+02  -0.1336582E+02  -0.1353432E+02  -0.1422591E+02   0.4904794E+02   0.3717794E+02   0.3801198E+02   0.3777074E+02
   0.7300000E+01   0.7761625E+00  -0.1373329E+02  -0.1319242E+02  -0.1338555E+02  -0.1379756E+02  -0.1416172E+02  -0.1499173E+02  -0.1565273E+02  -0.1446559E+02  -0.1389000E+02  -0.1321337E+02  -0.1361672E+02  -0.1400095E+02  -0.1434218E+02  -0.1434145E+02  -0.1410851E+02  -0.1321735E+02  -0.1322572E+02  -0.1337614E+02  -0.1353185E+02  -0.1411287E+02   0.4859812E+02   0.3672812E+02   0.3788283E+02   0.3764358E+02
   0.7400000E+01   0.5773384E+00  -0.1360511E+02  -0.1310071E+02  -0.1321900E+02  -0.1351525E+02  -0.1379634E+02  -0.1449675E+02  -0.1510459E+02  -0.1389905E+02  -0.1374897E+02  -0.1310913E+02  -0.1338404E+02  -0.1366949E+02  -0.1394099E+02  -0.1415409E+02  -0.1394681E+02  -0.1312208E+02  -0.1312371E+02  -0.1321403E+02  -0.1332253E+02  -0.1375687E+02   0.4819057E+02   0.3632057E+02   0.3778941E+02   0.3755305E+02
   0.7500000E+01   0.5740517E+00  -0.1339041E+02  -0.1295384E+02  -0.1312000E+02  -0.1342856E+02  -0.1369405E+02  -0.1433730E+02  -0.1490246E+02  -0.1367335E+02  -0.1352534E+02  -0.1297763E+02  -0.1329979E+02  -0.1357830E+02  -0.1382493E+02  -0.1388254E+02  -0.1370611E+02  -0.1297088E+02  -0.1298367E+02  -0.1311126E+02  -0.1323157E+02  -0.1365790E+02   0.4773566E+02   0.3586566E+02   0.3766384E+02   0.3742702E+02
   0.7600000E+01   0.5292303E+00  -0.1318440E+02  -0.1276167E+02  -0.1292904E+02  -0.1321829E+02  -0.1345827E+02  -0.1403887E+02  -0.1456331E+02  -0.1331292E+02  -0.1331723E+02  -0.1278752E+02  -0.1310075E+02  -0.1335556E+02  -0.1357163E+02  -0.1364929E+02  -0.1349320E+02  -0.1277672E+02  -0.1279178E+02  -0.1291966E+02  -0.1303500E+02  -0.1342551E+02   0.4726244E+02   0.3539244E+02   0.3755473E+02   0.3731948E+02
   0.7700000E+01   0.6542715E+00  -0.1297163E+02  -0.1255653E+02  -0.1276007E+02  -0.1311020E+02  -0.1341434E+02  -0.1426057E+02  -0.1491798E+02  -0.1373406E+02  -0.1310300E+02  -0.1258837E+02  -0.1296134E+02  -0.1328128E+02  -0.1357702E+02  -0.1342455E+02  -0.1328031E+02  -0.1257345E+02  -0.1259206E+02  -0.1274797E+02  -0.1288587E+02  -0.1337568E+02   0.4730608E+02   0.3543608E+02   0.3744757E+02   0.3721757E+02
   0.7800000E+01   0.8715376E+00  -0.1276968E+02  -0.1240277E+02  -0.1263133E+02  -0.1306136E+02  -0.1350286E+02  -0.1466936E+02  -0.1543600E+02  -0.1431162E+02  -0.1288954E+02  -0.1243990E+02  -0.1285051E+02  -0.1330031E+02  -0.1376252E+02  -0.1317012E+02  -0.1305120E+02  -0.1242566E+02  -0.1244424E+02  -0.1261678E+02  -0.1277153E+02  -0.1345035E+02   0.4803676E+02   0.3616676E+02   0.3731900E+02   0.3709837E+02
   0.7900000E+01   0.8288176E+00  -0.1259159E+02  -0.1226512E+02  -0.1247468E+02  -0.1287799E+02  -0.1330350E+02  -0.1444927E+02  -0.1521152E+02  -0.1408497E+02  -0.1269831E+02  -0.1229886E+02  -0.1267824E+02  -0.1310704E+02  -0.1355650E+02  -0.1293039E+02  -0.1283982E+02  -0.1228601E+02  -0.1230300E+02  -0.1246121E+02  -0.1260454E+02  -0.1325234E+02   0.4794985E+02   0.3607985E+02   0.3719049E+02   0.3698409E+02
   0.8000000E+01   0.8410225E+00  -0.1239758E+02  -0.1212625E+02  -0.1233958E+02  -0.1274501E+02  -0.1318061E+02  -0.1433985E+02  -0.1510767E+02  -0.1398222E+02  -0.1248938E+02  -0.1216220E+02  -0.1254121E+02  -0.1297900E+02  -0.1343886E+02  -0.1266692E+02  -0.1260741E+02  -0.1214604E+02  -0.1216436E+02  -0.1232560E+02  -0.1246813E+02  -0.1312807E+02   0.4784568E+02   0.3597568E+02   0.3704810E+02   0.3686048E+02
   0.8100000E+01   0.7858696E+00  -0.1220696E+02  -0.1199135E+02  -0.1219536E+02  -0.1257225E+02  -0.1298123E+02  -0.1409559E+02  -0.1485031E+02  -0.1371990E+02  -0.1228186E+02  -0.1202710E+02  -0.1238376E+02  -0.1279146E+02  -0.1322594E+02  -0.1240100E+02  -0.1237280E+02  -0.1200803E+02  -0.1202721E+02  -0.1218181E+02  -0.1231469E+02  -0.1293139E+02   0.4778082E+02   0.3591082E+02   0.3690016E+02   0.3673643E+02
   0.8200000E+01   0.7712673E+00  -0.1200195E+02  -0.1185164E+02  -0.1205883E+02  -0.1242635E+02  -0.1283010E+02  -0.1393842E+02  -0.1469172E+02  -0.1355990E+02  -0.1205812E+02  -0.1189022E+02  -0.1224164E+02  -0.1264239E+02  -0.1307336E+02  -0.1211482E+02  -0.1211880E+02  -0.1186619E+02  -0.1188751E+02  -0.1204474E+02  -0.1217418E+02  -0.1278093E+02   0.4767813E+02   0.3580813E+02   0.3673813E+02   0.3660387E+02
   0.8300000E+01   0.7804001E+00  -0.1178273E+02  -0.1170570E+02  -0.1192757E+02  -0.1229863E+02  -0.1270797E+02  -0.1382923E+02  -0.1458590E+02  -0.1345485E+02  -0.1181926E+02  -0.1175014E+02  -0.1211131E+02  -0.1251770E+02  -0.1295565E+02  -0.1180611E+02  -0.1184735E+02  -0.1171842E+02  -0.1174355E+02  -0.1191215E+02  -0.1204317E+02  -0.1265855E+02   0.4762241E+02   0.3575241E+02   0.3655171E+02   0.3645776E+02
   0.8400000E+01   0.7881435E+00  -0.1151950E+02  -0.1151558E+02  -0.1176284E+02  -0.1214043E+02  -0.1255098E+02  -0.1367319E+02  -0.1442868E+02  -0.1329613E+02  -0.1154107E+02  -0.1156936E+02  -0.1195145E+02  -0.1236105E+02  -0.1279907E+02  -0.1145604E+02  -0.1154280E+02  -0.1152602E+02  -0.1155716E+02  -0.1174546E+02  -0.1188090E+02  -0.1250191E+02   0.4758799E+02   0.3571799E+02   0.3632295E+02   0.3628829E+02
   0.8500000E+01   0.7435091E+00  -0.1127020E+02  -0.1132671E+02  -0.1159058E+02  -0.1195362E+02  -0.1233409E+02  -0.1336689E+02  -0.1409299E+02  -0.1294673E+02  -0.1128185E+02  -0.1138801E+02  -0.1177793E+02  -0.1216001E+02  -0.1255824E+02  -0.1112400E+02  -0.1126352E+02  -0.1133328E+02  -0.1136987E+02  -0.1157201E+02  -0.1170635E+02  -0.1228766E+02   0.4738100E+02   0.3551100E+02   0.3605046E+02   0.3611775E+02
   0.8600000E+01   0.9120099E+00  -0.1101181E+02  -0.1113538E+02  -0.1147775E+02  -0.1193108E+02  -0.1238976E+02  -0.1346568E+02  -0.1421191E+02  -0.1306735E+02  -0.1102098E+02  -0.1121793E+02  -0.1170920E+02  -0.1218296E+02  -0.1263598E+02  -0.1079201E+02  -0.1099133E+02  -0.1114366E+02  -0.1119141E+02  -0.1145413E+02  -0.1162200E+02  -0.1233237E+02   0.4732106E+02   0.3545106E+02   0.3569589E+02   0.3594101E+02
   0.8700000E+01   0.1086324E+01  -0.1075849E+02  -0.1093746E+02  -0.1137186E+02  -0.1192391E+02  -0.1245818E+02  -0.1352456E+02  -0.1427656E+02  -0.1312919E+02  -0.1077122E+02  -0.1104502E+02  -0.1165219E+02  -0.1222130E+02  -0.1271555E+02  -0.1046431E+02  -0.1073337E+02  -0.1094848E+02  -0.1100930E+02  -0.1134251E+02  -0.1154829E+02  -0.1238910E+02   0.4722181E+02   0.3535181E+02   0.3514946E+02   0.3575276E+02
   0.8800000E+01   0.1230808E+01  -0.1047353E+02  -0.1071278E+02  -0.1129413E+02  -0.1194988E+02  -0.1252494E+02  -0.1358758E+02  -0.1433887E+02  -0.1318485E+02  -0.1049911E+02  -0.1086281E+02  -0.1164151E+02  -0.1227534E+02  -0.1278661E+02  -0.1010907E+02  -0.1045887E+02  -0.1072565E+02  -0.1081326E+02  -0.1125738E+02  -0.1151509E+02  -0.1245122E+02   0.4716129E+02   0.3529129E+02   0.3434071E+02   0.3553487E+02
   0.8900000E+01   0.1308792E+01  -0.1020166E+02  -0.1045797E+02  -0.1112484E+02  -0.1183544E+02  -0.1243363E+02  -0.1351436E+02  -0.1427163E+02  -0.1311736E+02  -0.1024075E+02  -0.1063402E+02  -0.1150696E+02  -0.1217603E+02  -0.1270148E+02  -0.9787843E+01  -0.1020208E+02  -0.1047338E+02  -0.1057728E+02  -0.1108415E+02  -0.1136954E+02  -0.1235772E+02   0.4711392E+02   0.3524392E+02   0.3356260E+02   0.3532149E+02
   0.9000000E+01   0.1270967E+01  -0.9939143E+01  -0.1017609E+02  -0.1085618E+02  -0.1154845E+02  -0.1212715E+02  -0.1317791E+02  -0.1392298E+02  -0.1276364E+02  -0.9992443E+01  -0.1036054E+02  -0.1123267E+02  -0.1187859E+02  -0.1238527E+02  -0.9474346E+01  -0.9953564E+01  -0.1018790E+02  -0.1030015E+02  -0.1081467E+02  -0.1109636E+02  -0.1205335E+02   0.4698661E+02   0.3511661E+02   0.3317915E+02   0.3507894E+02
   0.9100000E+01   0.1225732E+01  -0.9674013E+01  -0.9924017E+01  -0.1063400E+02  -0.1130854E+02  -0.1185973E+02  -0.1287882E+02  -0.1360679E+02  -0.1243938E+02  -0.9739075E+01  -0.1012349E+02  -0.1100894E+02  -0.1162433E+02  -0.1210619E+02  -0.9151120E+01  -0.9696238E+01  -0.9930450E+01  -0.1005678E+02  -0.1059130E+02  -0.1087225E+02  -0.1178968E+02   0.4690409E+02   0.3503409E+02   0.3295115E+02   0.3480909E+02
   0.9200000E+01   0.1078310E+01  -0.9391873E+01  -0.9675499E+01  -0.1041305E+02  -0.1103430E+02  -0.1149136E+02  -0.1240580E+02  -0.1307419E+02  -0.1187480E+02  -0.9464222E+01  -0.9890389E+01  -0.1078445E+02  -0.1130172E+02  -0.1169878E+02  -0.8817914E+01  -0.9414415E+01  -0.9670050E+01  -0.9815357E+01  -0.1037070E+02  -0.1064655E+02  -0.1143529E+02   0.4672728E+02   0.3485728E+02   0.3278283E+02   0.3453899E+02
   0.9300000E+01   0.1304054E+01  -0.9076167E+01  -0.9450737E+01  -0.1029881E+02  -0.1103807E+02  -0.1160286E+02  -0.1272540E+02  -0.1347794E+02  -0.1231522E+02  -0.9150137E+01  -0.9698240E+01  -0.1072252E+02  -0.1136351E+02  -0.1186999E+02  -0.8457147E+01  -0.9094714E+01  -0.9459501E+01  -0.9618711E+01  -0.1025249E+02  -0.1057102E+02  -0.1153591E+02   0.4704851E+02   0.3517851E+02   0.3303346E+02   0.3428625E+02
   0.9400000E+01   0.1241080E+01  -0.8732046E+01  -0.9136501E+01  -0.9995652E+01  -0.1070965E+02  -0.1123673E+02  -0.1232004E+02  -0.1305273E+02  -0.1187945E+02  -0.8809187E+01  -0.9391638E+01  -0.1041558E+02  -0.1101541E+02  -0.1148885E+02  -0.8081572E+01  -0.8749728E+01  -0.9138485E+01  -0.9307577E+01  -0.9949588E+01  -0.1026419E+02  -0.1117518E+02   0.4695672E+02   0.3508672E+02   0.3298630E+02   0.3403451E+02
   0.9500000E+01   0.1281293E+01  -0.8370439E+01  -0.8844698E+01  -0.9754233E+01  -0.1049655E+02  -0.1103553E+02  -0.1214208E+02  -0.1288194E+02  -0.1170888E+02  -0.8447594E+01  -0.9117320E+01  -0.1019270E+02  -0.1080969E+02  -0.1129442E+02  -0.7682195E+01  -0.8382708E+01  -0.8847981E+01  -0.9028532E+01  -0.9707150E+01  -0.1003590E+02  -0.1097347E+02   0.4692619E+02   0.3505619E+02   0.3293382E+02   0.3378279E+02
   0.9600000E+01   0.1261171E+01  -0.8002902E+01  -0.8516188E+01  -0.9442584E+01  -0.1018026E+02  -0.1070375E+02  -0.1178367E+02  -0.1251077E+02  -0.1132931E+02  -0.8080781E+01  -0.8796416E+01  -0.9884139E+01  -0.1048589E+02  -0.1095459E+02  -0.7284760E+01  -0.8012015E+01  -0.8515952E+01  -0.8704049E+01  -0.9395585E+01  -0.9725899E+01  -0.1064388E+02   0.4680799E+02   0.3493799E+02   0.3281288E+02   0.3352568E+02
   0.9700000E+01   0.1258578E+01  -0.7646399E+01  -0.8208648E+01  -0.9156357E+01  -0.9897117E+01  -0.1041494E+02  -0.1148790E+02  -0.1220934E+02  -0.1102293E+02  -0.7723730E+01  -0.8497684E+01  -0.9603160E+01  -0.1020027E+02  -0.1066308E+02  -0.6894235E+01  -0.7650394E+01  -0.8206594E+01  -0.8402020E+01  -0.9109147E+01  -0.9443075E+01  -0.1035611E+02   0.4675608E+02   0.3488608E+02   0.3273758E+02   0.3327504E+02
   0.9800000E+01   0.1257080E+01  -0.7288118E+01  -0.7890862E+01  -0.8858385E+01  -0.9604802E+01  -0.1011547E+02  -0.1115917E+02  -0.1186897E+02  -0.1067101E+02  -0.7364673E+01  -0.8186853E+01  -0.9313068E+01  -0.9905250E+01  -0.1035519E+02  -0.6508213E+01  -0.7288004E+01  -0.7886866E+01  -0.8088078E+01  -0.8811293E+01  -0.9150134E+01  -0.1005700E+02   0.4659631E+02   0.3472631E+02   0.3261798E+02   0.3302769E+02
   0.9900000E+01   0.1261673E+01  -0.6977659E+01  -0.7606328E+01  -0.8585444E+01  -0.9337753E+01  -0.9847117E+01  -0.1086867E+02  -0.1156843E+02  -0.1036184E+02  -0.7053192E+01  -0.7906110E+01  -0.9045674E+01  -0.9638205E+01  -0.1008267E+02  -0.6178910E+01  -0.6974054E+01  -0.7601495E+01  -0.7805596E+01  -0.8538624E+01  -0.8880850E+01  -0.9788493E+01   0.4639759E+02   0.3452759E+02   0.3241399E+02   0.3282763E+02
   0.1000000E+02   0.1265264E+01  -0.6651668E+01  -0.7315135E+01  -0.8305523E+01  -0.9061418E+01  -0.9570787E+01  -0.1059603E+02  -0.1129325E+02  -0.1008364E+02  -0.6725721E+01  -0.7619499E+01  -0.8769061E+01  -0.9362037E+01  -0.9806596E+01  -0.5825582E+01  -0.6642738E+01  -0.7309984E+01  -0.7517365E+01  -0.8258736E+01  -0.8603093E+01  -0.9512357E+01   0.4644441E+02   0.3457441E+02   0.3244649E+02   0.3262332E+02
   0.1010000E+02   0.1278561E+01  -0.6311651E+01  -0.7005912E+01  -0.8007043E+01  -0.8771811E+01  -0.9285604E+01  -0.1029607E+02  -0.1098385E+02  -0.9766162E+01  -0.6384051E+01  -0.7313693E+01  -0.8476315E+01  -0.9075253E+01  -0.9520620E+01  -0.5459125E+01  -0.6297792E+01  -0.7000830E+01  -0.7210111E+01  -0.7960654E+01  -0.8308519E+01  -0.9226405E+01   0.4624002E+02   0.3437002E+02   0.3224454E+02   0.3237213E+02
   0.1020000E+02   0.1313084E+01  -0.6052611E+01  -0.6809977E+01  -0.7838400E+01  -0.8622930E+01  -0.9151484E+01  -0.1018718E+02  -0.1088331E+02  -0.9668739E+01  -0.6120258E+01  -0.7127109E+01  -0.8318046E+01  -0.8934440E+01  -0.9394347E+01  -0.5153476E+01  -0.6024911E+01  -0.6807362E+01  -0.7021458E+01  -0.7791556E+01  -0.8147436E+01  -0.9090843E+01   0.4620252E+02   0.3433252E+02   0.3220717E+02   0.3215655E+02
   0.1030000E+02   0.1338663E+01  -0.5848606E+01  -0.6649259E+01  -0.7695911E+01  -0.8495666E+01  -0.9034574E+01  -0.1007859E+02  -0.1077718E+02  -0.9562459E+01  -0.5910951E+01  -0.6971987E+01  -0.8183855E+01  -0.8813069E+01  -0.9280697E+01  -0.4906475E+01  -0.5803188E+01  -0.6648597E+01  -0.6865007E+01  -0.7648816E+01  -0.8010886E+01  -0.8972546E+01   0.4566487E+02   0.3379487E+02   0.3167032E+02   0.3184266E+02
   0.1040000E+02   0.1266203E+01  -0.5884946E+01  -0.6445947E+01  -0.7334345E+01  -0.8083463E+01  -0.8600547E+01  -0.9602537E+01  -0.1027529E+02  -0.9040996E+01  -0.5922422E+01  -0.6704391E+01  -0.7789505E+01  -0.8387398E+01  -0.8836784E+01  -0.5286003E+01  -0.5832126E+01  -0.6447365E+01  -0.6617063E+01  -0.7293908E+01  -0.7626185E+01  -0.8540545E+01   0.3918372E+02   0.2731372E+02   0.3356102E+02   0.3353482E+02
   0.1050000E+02   0.1408162E+01  -0.5739435E+01  -0.6111564E+01  -0.7049027E+01  -0.7874839E+01  -0.8457189E+01  -0.9587686E+01  -0.1031314E+02  -0.9103435E+01  -0.5842954E+01  -0.6378465E+01  -0.7539335E+01  -0.8214089E+01  -0.8729080E+01  -0.5826507E+01  -0.5910597E+01  -0.6131408E+01  -0.6296280E+01  -0.7008805E+01  -0.7367775E+01  -0.8390914E+01   0.4722393E+02   0.3535393E+02   0.3444425E+02   0.3415990E+02
   0.1060000E+02   0.1492492E+01  -0.4864519E+01  -0.5559597E+01  -0.6635128E+01  -0.7520704E+01  -0.8127620E+01  -0.9239931E+01  -0.9947023E+01  -0.8722368E+01  -0.4957272E+01  -0.5879517E+01  -0.7164908E+01  -0.7875712E+01  -0.8402845E+01  -0.4748891E+01  -0.4971575E+01  -0.5581941E+01  -0.5779179E+01  -0.6592734E+01  -0.6981364E+01  -0.8058526E+01   0.4769173E+02   0.3582173E+02   0.3393311E+02   0.3374964E+02
   0.1070000E+02   0.1539730E+01  -0.4597943E+01  -0.5359457E+01  -0.6468240E+01  -0.7382998E+01  -0.8007970E+01  -0.9127776E+01  -0.9835176E+01  -0.8608125E+01  -0.4682745E+01  -0.5688645E+01  -0.7013809E+01  -0.7748476E+01  -0.8289084E+01  -0.4456623E+01  -0.4684265E+01  -0.5387336E+01  -0.5586542E+01  -0.6425701E+01  -0.6826114E+01  -0.7936865E+01   0.4767589E+02   0.3580589E+02   0.3386806E+02   0.3363991E+02
   0.1080000E+02   0.1579304E+01  -0.4455903E+01  -0.5186042E+01  -0.6310187E+01  -0.7248478E+01  -0.7889490E+01  -0.9014412E+01  -0.9721480E+01  -0.8492130E+01  -0.4546390E+01  -0.5516752E+01  -0.6867556E+01  -0.7623091E+01  -0.8175537E+01  -0.4458673E+01  -0.4569752E+01  -0.5219776E+01  -0.5415649E+01  -0.6267698E+01  -0.6676893E+01  -0.7816468E+01   0.4754535E+02   0.3567535E+02   0.3386264E+02   0.3368560E+02
   0.1090000E+02   0.1618305E+01  -0.3994586E+01  -0.4955962E+01  -0.6134282E+01  -0.7100123E+01  -0.7752587E+01  -0.8871916E+01  -0.9579969E+01  -0.8349109E+01  -0.4043442E+01  -0.5305861E+01  -0.6708960E+01  -0.7482200E+01  -0.8039388E+01  -0.3562189E+01  -0.3961863E+01  -0.4992982E+01  -0.5198494E+01  -0.6090796E+01  -0.6513414E+01  -0.7678013E+01   0.4725088E+02   0.3538088E+02   0.3346784E+02   0.3323210E+02
   0.1100000E+02   0.1578484E+01  -0.3277171E+01  -0.4044450E+01  -0.5201605E+01  -0.6150546E+01  -0.6780089E+01  -0.7869057E+01  -0.8587073E+01  -0.7364982E+01  -0.3365920E+01  -0.4384918E+01  -0.5772987E+01  -0.6521321E+01  -0.7054330E+01  -0.3334996E+01  -0.3393167E+01  -0.4077827E+01  -0.4279906E+01  -0.5159091E+01  -0.5577871E+01  -0.6707827E+01   0.4713602E+02   0.3526602E+02   0.3343178E+02   0.3325807E+02
