    log(age)        CN_1        CN_2      Ca4227       G4300      Fe4383      Ca4455      Fe4531      Fe4668      H_beta      Fe5015        Mg_1        Mg_2        Mg_b      Fe5270      Fe5335      Fe5406      Fe5709      Fe5782        Na_D       TiO_1       TiO_2    Hdelta_A    Hgamma_A    Hdelta_F    Hgamma_F      Ca8498      Ca8542      Ca8662        MgUV       D4000
  6.0000e+00  1.6759e+00  1.7386e+00  6.9879e-03 -1.1473e-01  3.1319e-02  3.7576e-02  3.8197e-02 -4.1417e-01  5.3229e-01  1.2152e-01  2.0052e+00  2.4804e+00  1.2457e-02  1.3628e-02  3.5315e-02  1.4395e-02 -1.1565e-02  6.5545e-03  2.9588e-02  1.5379e+00  1.3623e+00  6.6131e-01  6.8611e-01  4.7623e-01  5.2363e-01  5.4712e-02  1.4092e-01  2.1986e-01  3.5906e-01  8.8056e-01
  6.1000e+00  1.6787e+00  1.7399e+00  6.0625e-03 -8.5695e-02  2.9367e-02  2.9486e-02  2.9501e-02 -3.3147e-01  4.0625e-01  1.0466e-01  2.0051e+00  2.4801e+00  9.9349e-03  1.0897e-02  2.8196e-02  1.1172e-02 -1.0787e-02  5.4227e-03  2.4060e-02  1.5378e+00  1.3622e+00  5.1248e-01  5.3163e-01  3.6528e-01  4.0205e-01  4.0409e-02  1.0415e-01  1.6357e-01  3.4015e-01  8.8074e-01
  6.2000e+00  1.6786e+00  1.7396e+00  6.1048e-03 -8.6019e-02  2.7474e-02  2.9262e-02  2.7168e-02 -4.3784e-01  3.9801e-01  1.0668e-01  2.0050e+00  2.4799e+00  9.1459e-03  9.7078e-03  2.8290e-02  1.1421e-02 -8.9379e-03  5.5335e-03  2.1778e-02  1.5378e+00  1.3622e+00  5.1574e-01  5.2717e-01  3.6405e-01  3.9883e-01  4.0665e-02  1.0387e-01  1.6365e-01  3.3901e-01  8.8097e-01
  6.3000e+00  1.6745e+00  1.7316e+00  7.2386e-03 -1.0579e-01  2.0328e-02  4.2061e-02 -2.1216e-02 -1.5334e+00  3.7380e-01  1.4875e-01  2.0052e+00  2.4797e+00  1.2022e-02  7.9953e-03  3.4187e-02  3.8747e-02 -3.2015e-03  1.3947e-02 -6.6653e-02  1.5381e+00  1.3612e+00  7.2285e-01  5.8850e-01  4.5110e-01  4.5214e-01  5.2250e-02  1.2844e-01  2.0195e-01  4.2567e-01  8.8051e-01
  6.4000e+00  1.6677e+00  1.7265e+00  1.2015e-02 -1.8642e-01  8.4629e-03  7.4062e-02 -1.2923e-01 -3.0159e+00  5.3236e-01  2.7494e-01  2.0052e+00  2.4792e+00  5.3699e-03  5.9130e-04  5.0799e-02  3.8912e-03  8.7293e-04  1.8611e-03 -1.1660e-01  1.5403e+00  1.3610e+00  1.1143e+00  9.0115e-01  6.6180e-01  7.1533e-01  1.0229e-01  2.4432e-01  3.7085e-01  7.6447e-01  8.8277e-01
  6.5000e+00  1.6635e+00  1.7323e+00  2.1200e-03 -2.2773e-01  1.8813e-01  1.1988e-01 -1.1713e-01 -4.7214e+00  9.1762e-01  2.9258e-01  2.0048e+00  2.4799e+00 -1.6676e-02  6.6086e-03  8.7147e-02 -5.6347e-02 -5.9685e-03  9.9807e-03  2.8628e-03  1.5697e+00  1.3620e+00  1.3408e+00  1.2349e+00  9.5541e-01  1.0525e+00  2.5894e-01  5.8859e-01  7.1684e-01  8.7802e-01  8.8981e-01
  6.6000e+00  1.6623e+00  1.7371e+00  6.2484e-03 -1.9330e-01  3.4925e-01  1.2933e-01 -3.1792e-02 -5.4402e+00  1.1364e+00  4.1088e-01  2.0061e+00  2.4850e+00  3.7336e-02  8.6428e-02  2.0312e-01 -1.5619e-02  4.6781e-02  5.2117e-02  1.8743e-01  1.5763e+00  1.3671e+00  1.4691e+00  1.3600e+00  1.1266e+00  1.2272e+00  5.8399e-01  1.3333e+00  1.3275e+00  9.8015e-01  8.9868e-01
  6.7000e+00  1.6626e+00  1.7356e+00  2.7016e-02 -1.6490e-01  3.2229e-01  1.2781e-01  6.8044e-02 -4.6450e+00  9.5969e-01  7.9246e-01  2.0149e+00  2.5045e+00  2.8108e-01  3.3872e-01  5.4307e-01  2.3893e-01  1.6469e-01  1.6357e-01  6.6439e-01  1.5798e+00  1.4076e+00  1.4901e+00  1.2556e+00  1.0853e+00  1.1122e+00  1.1480e+00  2.8528e+00  2.5476e+00  1.0079e+00  8.9953e-01
  6.8000e+00  1.6563e+00  1.7320e+00  5.3422e-02 -1.9004e-01  3.7527e-01  1.7511e-01  4.1742e-01 -1.9378e+00  1.2213e+00  1.4379e+00  2.0264e+00  2.5335e+00  6.1515e-01  7.0621e-01  1.0352e+00  6.8727e-01  4.4483e-01  3.3678e-01  1.3365e+00  1.6001e+00  1.4675e+00  1.7094e+00  1.5006e+00  1.2725e+00  1.3206e+00  1.5705e+00  3.9841e+00  3.4142e+00  7.8322e-01  9.0329e-01
  6.9000e+00  1.6450e+00  1.7266e+00  9.6146e-02 -3.0185e-01  4.5363e-01  2.6263e-01  7.2096e-01 -2.1974e-01  1.6311e+00  2.1618e+00  2.0425e+00  2.5712e+00  1.0394e+00  1.1169e+00  1.5720e+00  1.1248e+00  6.8697e-01  4.7399e-01  2.1160e+00  1.6400e+00  1.5457e+00  2.1969e+00  1.9426e+00  1.6610e+00  1.6879e+00  1.6946e+00  4.4365e+00  3.7532e+00  6.5530e-01  9.0632e-01
  7.0000e+00  1.6260e+00  1.7188e+00  1.0747e-01 -5.0668e-01  4.6593e-01  3.3126e-01  8.1517e-01  6.2536e-01  2.4143e+00  2.2849e+00  2.0453e+00  2.5740e+00  1.0341e+00  1.1376e+00  1.5957e+00  1.1601e+00  6.9252e-01  4.8897e-01  2.1615e+00  1.6364e+00  1.5387e+00  3.1392e+00  2.9091e+00  2.4019e+00  2.4756e+00  1.6701e+00  4.3623e+00  3.6757e+00  6.0421e-01  9.1330e-01
  7.1000e+00  1.6014e+00  1.7107e+00  1.3411e-01 -7.4675e-01  5.7015e-01  4.3071e-01  9.6520e-01  1.0277e+00  3.3392e+00  2.5702e+00  2.0503e+00  2.5785e+00  1.0479e+00  1.2158e+00  1.6995e+00  1.2471e+00  7.2881e-01  5.9468e-01  2.2856e+00  1.6089e+00  1.4977e+00  4.4008e+00  4.1619e+00  3.4262e+00  3.5416e+00  1.6592e+00  4.2962e+00  3.6164e+00  6.7147e-01  9.2659e-01
  7.2000e+00  1.5924e+00  1.7080e+00  1.4061e-01 -8.4662e-01  6.1506e-01  4.5179e-01  9.4070e-01  9.1900e-01  3.7430e+00  2.3669e+00  2.0459e+00  2.5667e+00  9.0799e-01  1.0989e+00  1.5547e+00  1.1365e+00  6.6144e-01  5.8887e-01  2.0595e+00  1.5844e+00  1.4585e+00  4.9244e+00  4.7094e+00  3.8707e+00  3.9964e+00  1.5595e+00  4.0200e+00  3.4250e+00  6.9773e-01  9.3516e-01
  7.3000e+00  1.5847e+00  1.7083e+00  1.5281e-01 -7.3632e-01  8.8061e-01  4.8903e-01  1.2889e+00  8.7915e-01  4.1787e+00  2.5451e+00  2.0404e+00  2.5661e+00  9.7374e-01  1.1762e+00  1.6371e+00  1.1613e+00  7.1790e-01  6.2173e-01  1.8624e+00  1.5699e+00  1.4366e+00  5.3407e+00  5.1625e+00  4.2854e+00  4.4507e+00  1.6094e+00  4.0657e+00  3.4528e+00  8.4209e-01  9.6681e-01
  7.4000e+00  1.5763e+00  1.7029e+00  1.0777e-01 -8.3582e-01  7.6419e-01  4.5021e-01  1.0845e+00  5.3687e-01  4.6209e+00  1.9582e+00  2.0224e+00  2.5363e+00  6.6134e-01  8.3882e-01  1.2226e+00  8.1360e-01  5.4037e-01  4.4086e-01  1.2621e+00  1.5593e+00  1.4126e+00  5.7246e+00  5.6638e+00  4.5899e+00  4.8166e+00  1.4357e+00  3.5860e+00  3.1908e+00  9.1082e-01  9.7371e-01
  7.5000e+00  1.5752e+00  1.7032e+00  1.3079e-01 -6.2198e-01  8.7771e-01  4.8696e-01  1.3820e+00  6.8115e-01  4.5835e+00  2.3227e+00  2.0249e+00  2.5434e+00  7.9762e-01  9.9391e-01  1.3402e+00  9.2290e-01  6.3521e-01  5.0536e-01  1.2324e+00  1.5548e+00  1.4080e+00  5.7793e+00  5.6048e+00  4.6270e+00  4.8225e+00  1.5223e+00  3.8118e+00  3.3036e+00  9.6966e-01  9.9311e-01
  7.6000e+00  1.5694e+00  1.6998e+00  1.4627e-01 -6.4758e-01  8.3877e-01  4.7580e-01  1.4115e+00  7.5544e-01  4.6993e+00  2.3551e+00  2.0276e+00  2.5457e+00  8.4185e-01  1.0137e+00  1.3476e+00  9.6169e-01  6.4349e-01  5.2386e-01  1.2018e+00  1.5527e+00  1.4043e+00  6.0901e+00  5.8574e+00  4.8615e+00  4.9899e+00  1.4787e+00  3.7285e+00  3.2506e+00  9.9989e-01  9.9554e-01
  7.7000e+00  1.5660e+00  1.6994e+00  1.5982e-01 -6.1699e-01  8.1604e-01  4.6450e-01  1.4955e+00  1.1056e+00  4.7823e+00  2.6203e+00  2.0333e+00  2.5519e+00  9.7030e-01  1.1027e+00  1.4165e+00  1.0714e+00  6.9044e-01  5.5905e-01  1.1567e+00  1.5533e+00  1.4052e+00  6.3826e+00  6.0847e+00  5.1037e+00  5.1296e+00  1.3813e+00  3.6138e+00  3.2161e+00  1.0329e+00  9.9910e-01
  7.8000e+00  1.5526e+00  1.6899e+00  1.6643e-01 -8.5774e-01  6.5742e-01  4.0103e-01  1.3742e+00  9.3470e-01  5.1740e+00  2.3821e+00  2.0305e+00  2.5503e+00  9.8039e-01  1.0352e+00  1.3775e+00  1.0366e+00  6.3588e-01  5.1129e-01  1.1627e+00  1.5616e+00  1.4170e+00  6.9561e+00  6.7142e+00  5.5261e+00  5.5368e+00  1.2548e+00  3.4145e+00  3.2084e+00  1.2053e+00  9.9807e-01
  7.9000e+00  1.5447e+00  1.6858e+00  1.6918e-01 -8.7742e-01  6.2093e-01  3.6239e-01  1.4540e+00  9.2846e-01  5.4097e+00  2.3566e+00  2.0298e+00  2.5488e+00  9.7427e-01  1.0233e+00  1.3694e+00  1.0389e+00  6.3547e-01  5.2174e-01  1.0689e+00  1.5556e+00  1.4068e+00  7.3376e+00  7.1159e+00  5.8163e+00  5.8110e+00  1.2662e+00  3.3656e+00  3.1396e+00  1.4667e+00  1.0086e+00
  8.0000e+00  1.5363e+00  1.6807e+00  1.6221e-01 -9.0451e-01  5.7788e-01  3.2124e-01  1.5027e+00  8.7956e-01  5.6831e+00  2.3472e+00  2.0278e+00  2.5494e+00  1.0131e+00  1.0231e+00  1.3725e+00  1.0348e+00  6.3081e-01  4.9784e-01  1.0469e+00  1.5620e+00  1.4164e+00  7.6765e+00  7.4798e+00  6.0788e+00  6.0676e+00  1.2430e+00  3.3549e+00  3.1773e+00  1.8821e+00  1.0186e+00
  8.1000e+00  1.5299e+00  1.6783e+00  1.7356e-01 -8.3070e-01  6.3523e-01  3.1036e-01  1.7085e+00  9.7315e-01  5.8547e+00  2.5869e+00  2.0304e+00  2.5578e+00  1.1677e+00  1.1420e+00  1.4977e+00  1.1290e+00  6.9110e-01  5.3136e-01  1.1127e+00  1.5660e+00  1.4241e+00  7.9812e+00  7.7497e+00  6.3223e+00  6.2716e+00  1.2667e+00  3.4385e+00  3.2254e+00  2.5261e+00  1.0371e+00
  8.2000e+00  1.5159e+00  1.6687e+00  1.4705e-01 -9.3209e-01  5.4107e-01  2.5951e-01  1.7014e+00  8.0701e-01  6.2879e+00  2.4044e+00  2.0246e+00  2.5506e+00  1.1304e+00  1.0559e+00  1.3943e+00  1.0353e+00  6.4735e-01  4.8446e-01  9.6438e-01  1.5628e+00  1.4170e+00  8.5750e+00  8.3958e+00  6.7438e+00  6.6991e+00  1.2519e+00  3.3583e+00  3.1953e+00  3.2451e+00  1.0507e+00
  8.3000e+00  1.5082e+00  1.6653e+00  1.7052e-01 -8.4376e-01  6.4169e-01  2.8211e-01  1.9763e+00  9.9718e-01  6.4312e+00  2.7525e+00  2.0280e+00  2.5628e+00  1.3741e+00  1.2369e+00  1.5744e+00  1.1579e+00  7.3258e-01  5.2680e-01  1.0813e+00  1.5689e+00  1.4285e+00  8.9536e+00  8.7077e+00  7.0110e+00  6.9010e+00  1.2526e+00  3.4162e+00  3.2142e+00  4.0918e+00  1.0797e+00
  8.4000e+00  1.4878e+00  1.6482e+00  1.5377e-01 -1.1062e+00  4.3728e-01  2.3278e-01  1.9123e+00  6.6659e-01  6.9419e+00  2.3541e+00  2.0166e+00  2.5483e+00  1.2604e+00  1.0796e+00  1.3920e+00  9.7315e-01  6.5095e-01  4.5284e-01  8.6503e-01  1.5594e+00  1.4108e+00  9.7748e+00  9.6412e+00  7.5016e+00  7.4242e+00  1.2130e+00  3.2378e+00  3.1262e+00  4.8723e+00  1.0996e+00
  8.5000e+00  1.4722e+00  1.6344e+00  1.8278e-01 -1.2490e+00  2.9173e-01  2.4733e-01  2.0943e+00  6.3627e-01  7.1312e+00  2.4257e+00  2.0132e+00  2.5531e+00  1.3892e+00  1.1783e+00  1.4907e+00  1.0002e+00  6.9223e-01  4.5180e-01  9.5028e-01  1.5662e+00  1.4223e+00  1.0426e+01  1.0304e+01  7.8006e+00  7.6932e+00  1.2326e+00  3.3033e+00  3.1603e+00  6.0636e+00  1.1356e+00
  8.6000e+00  1.4716e+00  1.6324e+00  2.0966e-01 -1.0792e+00  2.5492e-01  3.2645e-01  2.4449e+00  6.8834e-01  6.9279e+00  2.6939e+00  2.0140e+00  2.5648e+00  1.5507e+00  1.3779e+00  1.6816e+00  1.1055e+00  7.8744e-01  4.8112e-01  1.0954e+00  1.5770e+00  1.4401e+00  1.0480e+01  1.0326e+01  7.6516e+00  7.5376e+00  1.3225e+00  3.4878e+00  3.1959e+00  7.3793e+00  1.1841e+00
  8.7000e+00  1.4882e+00  1.6468e+00  2.9286e-01 -5.9831e-01  5.5541e-01  5.0716e-01  3.0859e+00  1.1149e+00  6.3554e+00  3.5331e+00  2.0337e+00  2.6104e+00  2.0401e+00  1.8769e+00  2.1948e+00  1.4797e+00  1.0104e+00  5.6835e-01  1.6899e+00  1.6200e+00  1.5092e+00  9.7915e+00  9.4348e+00  7.0714e+00  6.8995e+00  1.4595e+00  3.8726e+00  3.3409e+00  8.9752e+00  1.2390e+00
  8.8000e+00  1.5424e+00  1.6957e+00  4.0248e-01  5.9752e-01  1.4141e+00  7.6614e-01  3.9446e+00  1.7333e+00  5.2638e+00  4.6270e+00  2.0574e+00  2.6505e+00  2.5147e+00  2.3526e+00  2.6151e+00  1.8355e+00  1.2043e+00  7.1378e-01  2.0366e+00  1.6256e+00  1.5217e+00  7.5545e+00  7.0275e+00  5.6544e+00  5.5079e+00  1.4992e+00  3.9863e+00  3.3159e+00  1.0864e+01  1.3164e+00
  8.9000e+00  1.5878e+00  1.7364e+00  5.1214e-01  1.5611e+00  2.1573e+00  9.6015e-01  4.5395e+00  2.1726e+00  4.5478e+00  5.3530e+00  2.0748e+00  2.6791e+00  2.8875e+00  2.6407e+00  2.8382e+00  2.0331e+00  1.2988e+00  7.6669e-01  2.2332e+00  1.6364e+00  1.5390e+00  5.4931e+00  4.8661e+00  4.4452e+00  4.3402e+00  1.5001e+00  4.0168e+00  3.2847e+00  1.3273e+01  1.3772e+00
  9.0000e+00  1.6186e+00  1.7609e+00  5.4110e-01  2.3799e+00  2.5540e+00  1.0290e+00  4.7451e+00  2.1182e+00  4.1194e+00  5.4258e+00  2.0707e+00  2.6699e+00  2.8923e+00  2.5949e+00  2.7005e+00  1.9422e+00  1.2570e+00  7.3475e-01  1.9665e+00  1.6239e+00  1.5182e+00  3.8528e+00  3.2495e+00  3.4312e+00  3.4769e+00  1.4564e+00  3.9132e+00  3.1767e+00  1.6044e+01  1.4263e+00
  9.1000e+00  1.6569e+00  1.7922e+00  5.6308e-01  3.6547e+00  3.0627e+00  1.1047e+00  4.9788e+00  2.2014e+00  3.5134e+00  5.5583e+00  2.0630e+00  2.6499e+00  2.8309e+00  2.5186e+00  2.5020e+00  1.8355e+00  1.2043e+00  7.3519e-01  1.4975e+00  1.5901e+00  1.4653e+00  1.8743e+00  1.1731e+00  2.1830e+00  2.3194e+00  1.3758e+00  3.7081e+00  2.9657e+00  1.9228e+01  1.5209e+00
  9.2000e+00  1.6801e+00  1.8134e+00  7.2521e-01  4.5587e+00  3.5621e+00  1.2017e+00  5.2757e+00  2.3508e+00  2.9651e+00  5.8275e+00  2.0740e+00  2.6591e+00  2.9894e+00  2.6447e+00  2.6016e+00  1.9553e+00  1.2320e+00  8.4283e-01  1.5488e+00  1.5657e+00  1.4313e+00  6.6292e-01 -4.3214e-01  1.4316e+00  1.4399e+00  1.3367e+00  3.6105e+00  2.8268e+00  2.1315e+01  1.5989e+00
  9.3000e+00  1.6904e+00  1.8240e+00  9.4242e-01  5.1710e+00  4.0406e+00  1.3410e+00  5.6411e+00  2.7722e+00  2.6021e+00  6.3857e+00  2.0965e+00  2.6985e+00  3.4379e+00  2.9594e+00  2.9215e+00  2.2142e+00  1.3288e+00  9.1193e-01  2.0347e+00  1.5880e+00  1.4676e+00 -1.2515e-01 -1.7865e+00  9.6542e-01  7.0148e-01  1.3547e+00  3.7160e+00  2.9276e+00  2.2604e+01  1.6677e+00
  9.4000e+00  1.7112e+00  1.8444e+00  1.0542e+00  5.8486e+00  4.4303e+00  1.4329e+00  5.8558e+00  3.0242e+00  2.2687e+00  6.6133e+00  2.1033e+00  2.7059e+00  3.5728e+00  3.0650e+00  3.0000e+00  2.2988e+00  1.3550e+00  9.5918e-01  2.0502e+00  1.5773e+00  1.4520e+00 -1.1353e+00 -3.0015e+00  3.8395e-01  7.1586e-03  1.3171e+00  3.6311e+00  2.8386e+00  2.4060e+01  1.7638e+00
  9.5000e+00  1.7373e+00  1.8715e+00  1.2543e+00  6.5121e+00  4.9420e+00  1.5791e+00  6.1902e+00  3.4164e+00  1.8802e+00  7.0090e+00  2.1196e+00  2.7301e+00  3.8645e+00  3.2837e+00  3.2093e+00  2.4799e+00  1.4189e+00  1.0238e+00  2.2794e+00  1.5781e+00  1.4547e+00 -2.3912e+00 -4.4877e+00 -2.9376e-01 -8.2473e-01  1.2954e+00  3.6007e+00  2.8067e+00  2.5625e+01  1.8858e+00
  9.6000e+00  1.7632e+00  1.8990e+00  1.4564e+00  7.0591e+00  5.4108e+00  1.7165e+00  6.4771e+00  3.7374e+00  1.5476e+00  7.3102e+00  2.1348e+00  2.7518e+00  4.1156e+00  3.4703e+00  3.3919e+00  2.6367e+00  1.4703e+00  1.0788e+00  2.4795e+00  1.5770e+00  1.4541e+00 -3.5524e+00 -5.7892e+00 -8.8844e-01 -1.5552e+00  1.2743e+00  3.5622e+00  2.7642e+00  2.6865e+01  2.0139e+00
  9.7000e+00  1.7868e+00  1.9240e+00  1.6189e+00  7.5359e+00  5.8036e+00  1.8288e+00  6.6902e+00  4.0014e+00  1.2919e+00  7.5308e+00  2.1448e+00  2.7669e+00  4.3101e+00  3.6052e+00  3.5153e+00  2.7426e+00  1.5021e+00  1.1070e+00  2.6137e+00  1.5756e+00  1.4522e+00 -4.6491e+00 -6.9234e+00 -1.4290e+00 -2.1906e+00  1.2482e+00  3.5137e+00  2.7221e+00  2.8221e+01  2.1458e+00
  9.8000e+00  1.7973e+00  1.9358e+00  1.7375e+00  7.7747e+00  6.0557e+00  1.9003e+00  6.7939e+00  4.0583e+00  1.1504e+00  7.5761e+00  2.1522e+00  2.7786e+00  4.4503e+00  3.6875e+00  3.5881e+00  2.8004e+00  1.5115e+00  1.1148e+00  2.7516e+00  1.5751e+00  1.4511e+00 -5.2323e+00 -7.5496e+00 -1.6817e+00 -2.5447e+00  1.2398e+00  3.4891e+00  2.6828e+00  2.8863e+01  2.2292e+00
  9.9000e+00  1.8114e+00  1.9524e+00  1.8948e+00  7.9682e+00  6.3262e+00  1.9923e+00  6.9496e+00  4.1721e+00  9.8825e-01  7.6942e+00  2.1636e+00  2.7957e+00  4.6162e+00  3.8033e+00  3.7105e+00  2.8964e+00  1.5387e+00  1.1393e+00  2.9342e+00  1.5772e+00  1.4547e+00 -5.8326e+00 -8.1930e+00 -1.9428e+00 -2.8999e+00  1.2308e+00  3.4724e+00  2.6645e+00  2.9533e+01  2.3178e+00
  1.0000e+01  1.7956e+00  1.9338e+00  1.7689e+00  7.9599e+00  6.1862e+00  1.9224e+00  6.7188e+00  3.8894e+00  1.1150e+00  7.3281e+00  2.1512e+00  2.7774e+00  4.4718e+00  3.6724e+00  3.5097e+00  2.7279e+00  1.4542e+00  1.0467e+00  2.8502e+00  1.5695e+00  1.4390e+00 -5.6040e+00 -7.9230e+00 -1.7850e+00 -2.7572e+00  1.1874e+00  3.3656e+00  2.5663e+00  3.0024e+01  2.2883e+00
  1.0100e+01  1.8437e+00  1.9903e+00  2.2197e+00  8.2890e+00  6.8574e+00  2.1822e+00  7.2427e+00  4.4512e+00  6.8532e-01  7.9136e+00  2.1861e+00  2.8290e+00  4.9270e+00  4.0346e+00  3.9383e+00  3.0707e+00  1.5821e+00  1.1655e+00  3.3384e+00  1.5808e+00  1.4601e+00 -7.1574e+00 -9.4044e+00 -2.4608e+00 -3.5772e+00  1.1989e+00  3.4157e+00  2.6212e+00  2.9948e+01  2.5302e+00
  1.0200e+01  1.8312e+00  1.9757e+00  2.0898e+00  8.3064e+00  6.7760e+00  2.1366e+00  7.0452e+00  4.1951e+00  7.7062e-01  7.5707e+00  2.1767e+00  2.8152e+00  4.8174e+00  3.9406e+00  3.7767e+00  2.9289e+00  1.5056e+00  1.0733e+00  3.3344e+00  1.5744e+00  1.4462e+00 -7.0562e+00 -9.2351e+00 -2.3424e+00 -3.4963e+00  1.1509e+00  3.3042e+00  2.5231e+00  3.0796e+01  2.5138e+00
  1.0300e+01  1.8705e+00  2.0232e+00  2.5114e+00  8.4675e+00  7.2567e+00  2.3508e+00  7.5372e+00  4.7377e+00  4.4352e-01  8.1598e+00  2.2106e+00  2.8624e+00  5.1301e+00  4.2493e+00  4.1522e+00  3.2302e+00  1.6337e+00  1.1930e+00  3.7671e+00  1.5895e+00  1.4739e+00 -8.1554e+00 -1.0333e+01 -2.8440e+00 -4.0634e+00  1.2001e+00  3.4319e+00  2.6400e+00  3.0405e+01  2.7307e+00
  1.0400e+01  1.7935e+00  1.9463e+00  2.0032e+00  6.9666e+00  6.3959e+00  2.0687e+00  6.6958e+00  3.6307e+00  1.0723e+00  6.9615e+00  2.1840e+00  2.8208e+00  4.6774e+00  3.8858e+00  3.7791e+00  2.8908e+00  1.4558e+00  1.0322e+00  3.6092e+00  1.5714e+00  1.4401e+00 -4.6076e+00 -6.7854e+00 -8.5975e-01 -2.1544e+00  1.1129e+00  3.2008e+00  2.4431e+00  1.6764e+01  2.1595e+00
  1.0500e+01  1.8510e+00  2.0230e+00  3.2494e+00  6.8341e+00  7.3357e+00  2.6145e+00  7.6851e+00  4.6273e+00  1.6651e-01  8.0979e+00  2.2838e+00  2.9535e+00  5.5156e+00  4.6537e+00  4.6043e+00  3.5529e+00  1.6920e+00  1.2570e+00  4.9708e+00  1.6148e+00  1.5147e+00 -5.9690e+00 -9.2238e+00 -1.4207e+00 -3.4538e+00  1.1412e+00  3.3289e+00  2.6049e+00  2.4110e+00  2.1759e+00
  1.0600e+01  1.8633e+00  2.0507e+00  4.1649e+00  7.4347e+00  8.1995e+00  3.0443e+00  7.9538e+00  3.8356e+00 -3.0867e-01  7.1819e+00  2.3519e+00  3.0317e+00  5.7754e+00  4.9932e+00  4.7315e+00  3.5785e+00  1.5458e+00  1.0593e+00  6.4764e+00  1.6175e+00  1.5080e+00 -7.7954e+00 -1.1585e+01 -1.7573e+00 -4.5960e+00  9.9310e-01  3.0092e+00  2.3362e+00  1.7853e+00  2.6544e+00
  1.0700e+01  1.8717e+00  2.0702e+00  4.6632e+00  7.4054e+00  8.5491e+00  3.1994e+00  8.1622e+00  3.6614e+00 -5.0236e-01  7.0309e+00  2.3867e+00  3.0695e+00  5.9013e+00  5.1589e+00  4.9008e+00  3.6931e+00  1.5624e+00  1.0821e+00  6.9332e+00  1.6187e+00  1.5105e+00 -8.0307e+00 -1.2165e+01 -1.7097e+00 -4.8315e+00  9.9610e-01  3.0237e+00  2.3449e+00  1.2912e+00  2.7819e+00
  1.0800e+01  1.8739e+00  2.0778e+00  4.9852e+00  7.3001e+00  8.7771e+00  3.2424e+00  8.1668e+00  3.5329e+00 -5.6614e-01  6.8098e+00  2.4011e+00  3.0867e+00  6.0503e+00  5.1890e+00  4.9812e+00  3.7518e+00  1.5687e+00  1.1019e+00  6.9776e+00  1.6130e+00  1.5030e+00 -8.0762e+00 -1.2346e+01 -1.6144e+00 -4.8952e+00  9.9757e-01  3.0324e+00  2.3439e+00  9.2913e-01  2.7785e+00
  1.0900e+01  1.9331e+00  2.1285e+00  4.6468e+00  8.0526e+00  8.7252e+00  3.0831e+00  8.4158e+00  4.4902e+00 -4.2396e-01  8.0478e+00  2.3429e+00  3.0274e+00  6.0801e+00  5.0003e+00  4.9573e+00  3.8196e+00  1.7368e+00  1.3144e+00  5.5354e+00  1.6099e+00  1.5085e+00 -9.5325e+00 -1.2824e+01 -2.8395e+00 -5.2131e+00  1.1452e+00  3.3394e+00  2.5848e+00  3.9410e+00  3.1915e+00
  1.1000e+01  1.8867e+00  2.0857e+00  4.7896e+00  7.1372e+00  8.4611e+00  3.2451e+00  8.3261e+00  3.9183e+00 -5.9716e-01  7.4640e+00  2.3915e+00  3.0734e+00  5.9041e+00  5.1773e+00  4.9961e+00  3.8068e+00  1.6512e+00  1.1983e+00  6.6269e+00  1.6250e+00  1.5252e+00 -7.5861e+00 -1.2012e+01 -1.6526e+00 -4.7796e+00  1.0897e+00  3.2126e+00  2.4884e+00  2.9837e-01  2.5919e+00
