    log(age)        CN_1        CN_2      Ca4227       G4300      Fe4383      Ca4455      Fe4531      Fe4668      H_beta      Fe5015        Mg_1        Mg_2        Mg_b      Fe5270      Fe5335      Fe5406      Fe5709      Fe5782        Na_D       TiO_1       TiO_2    Hdelta_A    Hgamma_A    Hdelta_F    Hgamma_F      Ca8498      Ca8542      Ca8662        MgUV       D4000
  6.0000e+00  1.6759e+00  1.7374e+00  4.3009e-03 -1.1852e-01 -4.1601e-02  3.7260e-02  8.0846e-03 -6.6207e-01  4.7552e-01  7.6503e-02  2.0054e+00  2.4799e+00  8.2685e-03  4.9439e-03  9.1804e-03  2.3397e-03 -1.5730e-02  2.0642e-03  1.5057e-02  1.5377e+00  1.3622e+00  6.7483e-01  6.9593e-01  4.5474e-01  4.8382e-01  2.0817e-02  6.1969e-02  1.4118e-01  3.5624e-01  8.7717e-01
  6.1000e+00  1.6769e+00  1.7380e+00  4.2365e-03 -1.0786e-01 -3.5929e-02  3.4412e-02  7.9181e-03 -9.6330e-01  4.3726e-01  7.4950e-02  2.0055e+00  2.4799e+00  7.9066e-03  4.7969e-03  9.0582e-03  2.2740e-03 -1.8897e-02  2.0720e-03  1.4465e-02  1.5377e+00  1.3622e+00  6.2181e-01  6.4175e-01  4.1772e-01  4.4498e-01  1.9321e-02  5.7333e-02  1.3067e-01  3.5323e-01  8.7692e-01
  6.2000e+00  1.6774e+00  1.7383e+00  4.1952e-03 -1.0245e-01 -3.3081e-02  3.2935e-02  7.7824e-03 -9.4268e-01  4.1739e-01  7.4030e-02  2.0055e+00  2.4800e+00  7.7054e-03  4.7006e-03  8.9747e-03  2.2396e-03 -2.0717e-02  2.0739e-03  1.4136e-02  1.5377e+00  1.3623e+00  5.9472e-01  6.1387e-01  3.9885e-01  4.2504e-01  1.8535e-02  5.4884e-02  1.2507e-01  3.5079e-01  8.7696e-01
  6.3000e+00  1.6650e+00  1.7359e+00  4.8104e-03 -1.4261e-01 -1.3936e-02  3.5500e-02  2.5163e-02 -1.0174e+00  1.1760e+00  9.4555e-02  2.0041e+00  2.4789e+00  1.7622e-02 -1.6722e-03  1.3477e-02  3.0583e-03 -1.6084e-02  2.6239e-03  1.6229e-02  1.5374e+00  1.3618e+00  1.2223e+00  1.2838e+00  1.0127e+00  1.0877e+00  3.6393e-01  6.8730e-01  8.1741e-01  3.4739e-01  8.8865e-01
  6.4000e+00  1.6272e+00  1.7270e+00  6.5920e-03 -3.1433e-01 -1.0084e-02  6.6288e-02  3.9120e-02 -6.5669e-01  3.0596e+00  1.4529e-01  2.0012e+00  2.4764e+00  1.7917e-02 -7.4932e-03  1.6974e-02  4.4135e-03 -2.7867e-03  3.6809e-03  2.1586e-02  1.5370e+00  1.3611e+00  3.1334e+00  3.2144e+00  2.8024e+00  2.9201e+00  8.9980e-01  1.6669e+00  1.8642e+00  3.0688e-01  9.1805e-01
  6.5000e+00  1.6206e+00  1.7262e+00  7.9172e-03 -3.0630e-01 -3.9695e-03  4.4216e-02  7.2705e-02 -5.0083e-01  3.4692e+00  1.4258e-01  2.0001e+00  2.4760e+00  3.4635e-02 -1.3573e-02  2.6372e-02  2.5024e-03 -3.0883e-04  3.1027e-03  1.9398e-02  1.5367e+00  1.3608e+00  3.4251e+00  3.5478e+00  3.1117e+00  3.2573e+00  1.0607e+00  1.9222e+00  2.1020e+00  3.5667e-01  9.2795e-01
  6.6000e+00  1.6156e+00  1.7223e+00  1.5761e-02 -3.4124e-01  3.7838e-02  3.8097e-02  1.3397e-01 -7.3486e-01  3.6110e+00  1.6661e-01  1.9990e+00  2.4778e+00  1.0135e-01 -6.9457e-03  5.3394e-02  2.9813e-03  3.4586e-03  3.5517e-03  3.2624e-02  1.5365e+00  1.3607e+00  3.6443e+00  3.7600e+00  3.2600e+00  3.4022e+00  1.0766e+00  1.9545e+00  2.1075e+00  5.3383e-01  9.3581e-01
  6.7000e+00  1.6295e+00  1.7262e+00  2.2415e-02 -1.8804e-01  1.1439e-01  6.8147e-02  1.5804e-01 -1.5356e+00  2.7794e+00  2.6732e-01  1.9997e+00  2.4803e+00  1.2676e-01  7.2682e-02  1.0328e-01  2.6442e-02  3.0351e-02  4.6553e-03  5.1514e-02  1.5363e+00  1.3611e+00  2.9704e+00  2.9628e+00  2.6199e+00  2.6921e+00  8.5932e-01  1.7380e+00  1.7251e+00  7.6297e-01  9.3282e-01
  6.8000e+00  1.6361e+00  1.7278e+00  1.8797e-02 -1.8502e-01  9.1313e-02  1.0217e-01  5.2557e-02 -2.4591e+00  2.3655e+00  2.8694e-01  2.0010e+00  2.4797e+00  8.9646e-02  6.9282e-02  8.1459e-02  1.2382e-02  3.5513e-02  2.3240e-03  4.7791e-02  1.5366e+00  1.3615e+00  2.6965e+00  2.6298e+00  2.3260e+00  2.3709e+00  7.6718e-01  1.6064e+00  1.5982e+00  8.8576e-01  9.2076e-01
  6.9000e+00  1.6447e+00  1.7298e+00  1.4880e-02 -2.1509e-01  6.3103e-02  1.2895e-01 -5.9366e-03 -2.2341e+00  1.9553e+00  2.6843e-01  2.0017e+00  2.4789e+00  5.9020e-02  4.3454e-02  5.2510e-02 -9.5010e-03  2.3941e-02  3.0483e-04  5.2680e-02  1.5370e+00  1.3617e+00  2.3172e+00  2.2592e+00  1.9260e+00  1.9799e+00  5.9811e-01  1.2596e+00  1.3113e+00  7.5880e-01  9.0884e-01
  7.0000e+00  1.6435e+00  1.7287e+00  1.2113e-02 -2.5736e-01  4.1945e-02  1.5790e-01 -3.6379e-02 -2.1633e+00  1.9720e+00  2.7743e-01  2.0019e+00  2.4783e+00  4.0201e-02  3.5836e-02  4.0004e-02 -1.8440e-02  2.2249e-02 -5.5450e-04  5.6933e-02  1.5372e+00  1.3618e+00  2.4078e+00  2.3417e+00  1.9647e+00  2.0207e+00  5.1898e-01  1.1211e+00  1.2164e+00  7.3661e-01  9.0592e-01
  7.1000e+00  1.6400e+00  1.7261e+00  8.4091e-03 -3.3710e-01  9.0481e-03  1.8875e-01 -6.8389e-03 -9.4657e-01  2.1466e+00  2.7623e-01  2.0017e+00  2.4776e+00  2.7111e-02  2.2196e-02  2.6358e-02 -5.3668e-03  1.5105e-02  2.1935e-03  5.9177e-02  1.5372e+00  1.3618e+00  2.6067e+00  2.5689e+00  2.0784e+00  2.1600e+00  4.2689e-01  9.3583e-01  1.1074e+00  5.0196e-01  9.0384e-01
  7.2000e+00  1.6337e+00  1.7217e+00  7.0670e-03 -4.1885e-01 -3.4760e-02  2.1422e-01  1.5399e-02 -1.7470e-01  2.3698e+00  2.7720e-01  2.0012e+00  2.4772e+00  2.3200e-02  2.1847e-02  2.3593e-02  6.6417e-03  1.4319e-02  3.1594e-03  6.1705e-02  1.5372e+00  1.3617e+00  2.9267e+00  2.8968e+00  2.2855e+00  2.3750e+00  3.6842e-01  8.3948e-01  1.0599e+00  3.7103e-01  9.0475e-01
  7.3000e+00  1.6247e+00  1.7168e+00  6.9818e-03 -5.0707e-01 -6.1322e-02  2.4950e-01  2.1539e-02  3.5153e-02  2.6944e+00  2.9562e-01  2.0005e+00  2.4766e+00  2.3692e-02  2.2898e-02  2.3417e-02  1.0743e-02  1.4506e-02  3.3212e-03  6.7139e-02  1.5372e+00  1.3617e+00  3.3883e+00  3.3456e+00  2.6280e+00  2.7170e+00  3.5541e-01  8.3059e-01  1.0949e+00  3.3022e-01  9.0891e-01
  7.4000e+00  1.6111e+00  1.7092e+00  7.0787e-03 -6.4005e-01 -1.1422e-01  2.8658e-01  2.4364e-02  1.7645e-01  3.1700e+00  3.0178e-01  1.9996e+00  2.4759e+00  2.4858e-02  2.1831e-02  2.2437e-02  1.2457e-02  1.3420e-02  3.2650e-03  7.0918e-02  1.5372e+00  1.3616e+00  4.0525e+00  4.0003e+00  3.1261e+00  3.2113e+00  3.5617e-01  8.3786e-01  1.1702e+00  2.9603e-01  9.1488e-01
  7.5000e+00  1.5882e+00  1.6989e+00  7.5887e-03 -8.3188e-01 -1.3021e-01  3.7416e-01  2.7062e-02  1.9679e-01  4.0512e+00  3.5914e-01  1.9981e+00  2.4750e+00  2.7545e-02  2.3808e-02  2.4213e-02  1.4041e-02  1.4096e-02  3.4880e-03  8.5095e-02  1.5371e+00  1.3615e+00  5.2013e+00  5.1052e+00  4.0513e+00  4.1249e+00  4.0461e-01  9.5986e-01  1.3912e+00  3.1273e-01  9.2511e-01
  7.6000e+00  1.5704e+00  1.6912e+00  8.2273e-03 -9.6660e-01 -1.5102e-01  4.2190e-01  3.2278e-02  2.0657e-01  4.7265e+00  3.9034e-01  1.9972e+00  2.4743e+00  3.0738e-02  2.7646e-02  2.7547e-02  1.6486e-02  1.5921e-02  3.8956e-03  9.2431e-02  1.5370e+00  1.3614e+00  6.0633e+00  5.9375e+00  4.7645e+00  4.8229e+00  4.8095e-01  1.1233e+00  1.6041e+00  3.1413e-01  9.3425e-01
  7.7000e+00  1.5617e+00  1.6856e+00  9.1904e-03 -1.0434e+00 -2.1641e-01  4.1636e-01  3.9038e-02  1.9598e-01  4.9821e+00  3.7957e-01  1.9969e+00  2.4743e+00  3.5833e-02  3.4270e-02  3.2147e-02  2.0280e-02  1.8806e-02  4.5192e-03  9.1190e-02  1.5370e+00  1.3614e+00  6.4524e+00  6.3264e+00  5.0508e+00  5.0969e+00  5.0389e-01  1.1793e+00  1.6677e+00  2.9475e-01  9.3944e-01
  7.8000e+00  1.5499e+00  1.6783e+00  1.0347e-02 -1.1514e+00 -3.2297e-01  3.7762e-01  4.6537e-02  1.7125e-01  5.3519e+00  3.4298e-01  1.9967e+00  2.4745e+00  4.4293e-02  3.9788e-02  3.7708e-02  2.4928e-02  2.4021e-02  5.8728e-03  8.5011e-02  1.5369e+00  1.3615e+00  6.9546e+00  6.8533e+00  5.4425e+00  5.4769e+00  5.9703e-01  1.3741e+00  1.8320e+00  2.7371e-01  9.4681e-01
  7.9000e+00  1.5467e+00  1.6772e+00  1.6332e-02 -1.0614e+00 -3.1805e-01  3.3381e-01  1.2372e-01  1.9111e-01  5.2895e+00  4.2006e-01  1.9979e+00  2.4778e+00  7.6285e-02  1.3842e-01  9.9108e-02  8.2528e-02  7.8807e-02  1.6159e-02  9.6718e-02  1.5365e+00  1.3625e+00  7.0532e+00  6.8986e+00  5.5582e+00  5.5401e+00  7.2480e-01  1.7815e+00  1.8992e+00  2.2947e-01  9.5524e-01
  8.0000e+00  1.5340e+00  1.6684e+00  1.2478e-02 -1.2845e+00 -4.9053e-01  2.9555e-01  5.5704e-02  1.3408e-01  5.8338e+00  2.6401e-01  1.9965e+00  2.4746e+00  5.7304e-02  3.5603e-02  3.8532e-02  2.0996e-02  1.8635e-02  4.2794e-03  7.1133e-02  1.5367e+00  1.3610e+00  7.6045e+00  7.5387e+00  5.9594e+00  5.9693e+00  6.7371e-01  1.4802e+00  2.0065e+00  2.1319e-01  9.5826e-01
  8.1000e+00  1.5257e+00  1.6623e+00  2.3498e-02 -1.1907e+00 -5.1593e-01  2.6126e-01  1.8120e-01  1.7087e-01  5.7461e+00  4.0009e-01  1.9974e+00  2.4790e+00  1.1091e-01  1.7641e-01  1.2782e-01  1.0096e-01  9.0937e-02  1.8202e-02  9.3945e-02  1.5362e+00  1.3622e+00  7.9140e+00  7.7440e+00  6.1749e+00  6.0957e+00  7.3442e-01  1.7878e+00  1.9113e+00  2.1610e-01  9.7349e-01
  8.2000e+00  1.5205e+00  1.6588e+00  3.3174e-02 -1.0911e+00 -5.2593e-01  2.2174e-01  2.8143e-01  2.0067e-01  5.6538e+00  4.9742e-01  1.9983e+00  2.4823e+00  1.5121e-01  2.7579e-01  1.8999e-01  1.5619e-01  1.3823e-01  2.7577e-02  1.0732e-01  1.5358e+00  1.3629e+00  8.0948e+00  7.8426e+00  6.3154e+00  6.1639e+00  7.6880e-01  1.9220e+00  1.8934e+00  2.2396e-01  9.8656e-01
  8.3000e+00  1.5062e+00  1.6475e+00  3.0252e-02 -1.3544e+00 -7.4316e-01  1.9748e-01  2.2369e-01  1.6552e-01  6.1162e+00  3.9281e-01  1.9972e+00  2.4801e+00  1.4071e-01  2.1496e-01  1.5380e-01  1.2205e-01  1.0841e-01  2.2164e-02  9.6435e-02  1.5360e+00  1.3624e+00  8.7244e+00  8.5477e+00  6.7102e+00  6.5798e+00  7.4409e-01  1.8355e+00  1.9280e+00  2.2656e-01  9.9059e-01
  8.4000e+00  1.5018e+00  1.6465e+00  3.3540e-02 -1.3212e+00 -7.4896e-01  1.4438e-01  2.5511e-01  1.5642e-01  6.2701e+00  3.9544e-01  1.9975e+00  2.4810e+00  1.5399e-01  2.3501e-01  1.6827e-01  1.3352e-01  1.1782e-01  2.4388e-02  9.3359e-02  1.5359e+00  1.3625e+00  8.8830e+00  8.7016e+00  6.9084e+00  6.7557e+00  7.9865e-01  1.9355e+00  1.9979e+00  2.5168e-01  9.9764e-01
  8.5000e+00  1.4839e+00  1.6316e+00  3.6610e-02 -1.6036e+00 -9.8701e-01  1.1960e-01  2.3280e-01  1.2172e-01  6.7112e+00  3.2233e-01  1.9960e+00  2.4799e+00  1.7450e-01  1.9793e-01  1.4980e-01  1.1127e-01  9.6151e-02  2.0044e-02  8.8925e-02  1.5359e+00  1.3620e+00  9.6465e+00  9.5056e+00  7.3605e+00  7.2002e+00  7.7883e-01  1.8612e+00  2.0225e+00  3.4950e-01  1.0089e+00
  8.6000e+00  1.4754e+00  1.6260e+00  4.5820e-02 -1.5780e+00 -1.0096e+00  8.8730e-02  3.1006e-01  1.3388e-01  6.7698e+00  3.9499e-01  1.9963e+00  2.4821e+00  2.1139e-01  2.5986e-01  1.9053e-01  1.4609e-01  1.2587e-01  2.6614e-02  9.7326e-02  1.5357e+00  1.3624e+00  9.9817e+00  9.7781e+00  7.6156e+00  7.3929e+00  8.1385e-01  1.9556e+00  2.0228e+00  4.7109e-01  1.0229e+00
  8.7000e+00  1.4599e+00  1.6103e+00  4.9965e-02 -1.8602e+00 -1.3096e+00  7.8123e-02  2.7244e-01  9.6211e-02  7.0237e+00  3.0588e-01  1.9943e+00  2.4804e+00  2.3018e-01  2.1459e-01  1.6513e-01  1.1740e-01  9.6682e-02  2.0191e-02  9.5886e-02  1.5357e+00  1.3616e+00  1.0622e+01  1.0450e+01  7.8788e+00  7.6510e+00  7.4474e-01  1.7811e+00  1.9723e+00  5.7212e-01  1.0341e+00
  8.8000e+00  1.4633e+00  1.6106e+00  6.7179e-02 -1.7048e+00 -1.2621e+00  6.9825e-02  3.5725e-01  1.0474e-01  6.6222e+00  3.6253e-01  1.9938e+00  2.4825e+00  2.9162e-01  2.6769e-01  2.0250e-01  1.4185e-01  1.1206e-01  2.2861e-02  1.0850e-01  1.5354e+00  1.3615e+00  1.0426e+01  1.0149e+01  7.6674e+00  7.3743e+00  7.2231e-01  1.7328e+00  1.8557e+00  9.1132e-01  1.0508e+00
  8.9000e+00  1.4554e+00  1.6030e+00  7.2392e-02 -1.7065e+00 -1.3797e+00  6.6015e-02  3.7613e-01  1.0999e-01  6.6654e+00  3.7322e-01  1.9933e+00  2.4824e+00  2.9695e-01  2.8110e-01  2.0805e-01  1.4667e-01  1.1254e-01  2.2043e-02  1.1087e-01  1.5353e+00  1.3613e+00  1.0731e+01  1.0408e+01  7.8002e+00  7.4720e+00  6.9412e-01  1.6802e+00  1.8221e+00  9.4715e-01  1.0601e+00
  9.0000e+00  1.4580e+00  1.6033e+00  9.1587e-02 -1.3448e+00 -1.2757e+00  7.3839e-02  5.1038e-01  1.5340e-01  6.2131e+00  5.1143e-01  1.9938e+00  2.4853e+00  3.3545e-01  3.7445e-01  2.6398e-01  1.9378e-01  1.4806e-01  2.7904e-02  1.2511e-01  1.5351e+00  1.3615e+00  1.0538e+01  1.0025e+01  7.6076e+00  7.1755e+00  6.9487e-01  1.7151e+00  1.7491e+00  1.1492e+00  1.0796e+00
  9.1000e+00  1.4565e+00  1.5979e+00  9.6384e-02 -1.2213e+00 -1.4731e+00  7.8522e-02  4.7094e-01  1.2645e-01  6.0788e+00  4.3726e-01  1.9927e+00  2.4841e+00  3.3512e-01  3.5549e-01  2.5178e-01  1.7534e-01  1.2019e-01  2.1697e-02  1.3462e-01  1.5350e+00  1.3609e+00  1.0561e+01  9.9546e+00  7.4531e+00  6.9751e+00  5.6826e-01  1.4510e+00  1.5636e+00  1.3349e+00  1.0887e+00
  9.2000e+00  1.4851e+00  1.6157e+00  1.2720e-01 -4.4772e-01 -1.1434e+00  9.4866e-02  6.1867e-01  1.3966e-01  5.0107e+00  5.2778e-01  1.9925e+00  2.4872e+00  4.0784e-01  4.2667e-01  3.0477e-01  2.0200e-01  1.2665e-01  2.1542e-02  1.5070e-01  1.5347e+00  1.3605e+00  9.1959e+00  8.2830e+00  6.4108e+00  5.8115e+00  5.1877e-01  1.3258e+00  1.3632e+00  2.2990e+00  1.1157e+00
  9.3000e+00  1.4883e+00  1.6168e+00  1.4325e-01 -2.6200e-01 -1.1191e+00  9.4885e-02  6.4654e-01  1.3774e-01  4.8439e+00  5.3056e-01  1.9921e+00  2.4880e+00  4.3984e-01  4.4059e-01  3.1261e-01  2.0609e-01  1.2526e-01  2.0650e-02  1.6083e-01  1.5346e+00  1.3602e+00  8.9801e+00  8.0130e+00  6.2144e+00  5.5950e+00  5.0849e-01  1.2964e+00  1.3324e+00  2.5968e+00  1.1270e+00
  9.4000e+00  1.5024e+00  1.6271e+00  1.6641e-01  1.4171e-01 -9.0061e-01  1.0418e-01  7.2287e-01  1.5715e-01  4.4354e+00  5.8769e-01  1.9928e+00  2.4903e+00  4.8086e-01  4.8636e-01  3.4054e-01  2.2747e-01  1.3805e-01  2.3026e-02  1.7529e-01  1.5345e+00  1.3603e+00  8.2615e+00  7.1790e+00  5.7358e+00  5.0750e+00  5.1341e-01  1.3126e+00  1.3039e+00  3.0562e+00  1.1394e+00
  9.5000e+00  1.5179e+00  1.6399e+00  1.8358e-01  3.2763e-01 -6.7681e-01  1.0362e-01  7.3638e-01  1.4861e-01  4.2089e+00  5.7103e-01  1.9931e+00  2.4916e+00  5.2048e-01  4.8850e-01  3.4416e-01  2.2615e-01  1.3249e-01  2.1820e-02  1.8768e-01  1.5344e+00  1.3601e+00  7.5152e+00  6.4711e+00  5.3170e+00  4.6905e+00  5.1266e-01  1.2937e+00  1.2810e+00  3.5179e+00  1.1400e+00
  9.6000e+00  1.5340e+00  1.6537e+00  2.1005e-01  6.9031e-01 -3.7259e-01  1.1297e-01  7.9053e-01  1.6955e-01  3.9465e+00  6.0979e-01  1.9945e+00  2.4942e+00  5.5979e-01  5.2517e-01  3.6419e-01  2.4289e-01  1.4109e-01  2.3387e-02  2.0526e-01  1.5343e+00  1.3601e+00  6.7084e+00  5.6100e+00  4.9120e+00  4.2544e+00  5.1604e-01  1.3061e+00  1.2656e+00  3.8574e+00  1.1431e+00
  9.7000e+00  1.5388e+00  1.6606e+00  2.1375e-01  2.3335e-01 -3.4783e-01  9.4375e-02  6.3567e-01  1.2040e-01  4.2304e+00  4.3899e-01  1.9953e+00  2.4944e+00  5.9575e-01  4.5835e-01  3.2292e-01  2.0813e-01  1.0620e-01  1.7264e-02  2.3393e-01  1.5344e+00  1.3596e+00  6.5939e+00  5.7967e+00  5.0057e+00  4.4817e+00  4.9276e-01  1.2312e+00  1.2528e+00  3.8208e+00  1.1179e+00
  9.8000e+00  1.5750e+00  1.6888e+00  2.5842e-01  1.4744e+00  3.3823e-01  1.4203e-01  9.0920e-01  2.2072e-01  3.2381e+00  6.8682e-01  1.9989e+00  2.5008e+00  6.3504e-01  6.1482e-01  4.1557e-01  2.8445e-01  1.5764e-01  2.6556e-02  2.5632e-01  1.5341e+00  1.3602e+00  4.6776e+00  3.4397e+00  3.8895e+00  3.1397e+00  5.1221e-01  1.3080e+00  1.1971e+00  4.6414e+00  1.1429e+00
  9.9000e+00  1.5926e+00  1.7020e+00  2.7042e-01  1.7581e+00  5.3549e-01  1.5133e-01  9.2248e-01  2.2429e-01  2.8802e+00  6.8560e-01  1.9997e+00  2.5021e+00  6.5748e-01  6.3013e-01  4.2435e-01  2.8902e-01  1.5383e-01  2.5648e-02  2.6663e-01  1.5341e+00  1.3600e+00  3.7930e+00  2.4997e+00  3.3550e+00  2.5845e+00  4.9556e-01  1.2700e+00  1.1442e+00  5.0565e+00  1.1406e+00
  1.0000e+01  1.5894e+00  1.7023e+00  2.6043e-01  8.4748e-01  3.6411e-01  1.2923e-01  6.8548e-01  1.5103e-01  3.2603e+00  4.3188e-01  2.0012e+00  2.5031e+00  7.0037e-01  5.4340e-01  3.7559e-01  2.4784e-01  1.0814e-01  1.8004e-02  3.2705e-01  1.5342e+00  1.3594e+00  4.1766e+00  3.3494e+00  3.6946e+00  3.1377e+00  4.6411e-01  1.1796e+00  1.1127e+00  4.2733e+00  1.1032e+00
  1.0100e+01  1.6265e+00  1.7238e+00  3.4499e-01  3.3201e+00  1.1076e+00  2.1720e-01  1.2239e+00  3.2537e-01  1.8399e+00  9.2553e-01  2.0025e+00  2.5087e+00  7.1939e-01  7.9027e-01  5.1945e-01  3.6585e-01  1.9725e-01  3.3201e-02  2.9648e-01  1.5338e+00  1.3604e+00  1.7412e+00 -2.6221e-01  1.9620e+00  8.4385e-01  4.9742e-01  1.3121e+00  1.1005e+00  6.3866e+00  1.1933e+00
  1.0200e+01  1.6332e+00  1.7302e+00  4.0912e-01  2.9114e+00  1.1331e+00  2.2542e-01  1.0965e+00  2.7357e-01  1.7934e+00  7.1658e-01  2.0081e+00  2.5179e+00  8.7229e-01  8.0381e-01  5.4640e-01  3.7730e-01  1.6448e-01  2.7525e-02  4.4042e-01  1.5338e+00  1.3598e+00  1.5087e+00 -2.7972e-01  1.8686e+00  8.0403e-01  4.7749e-01  1.2749e+00  1.0630e+00  6.5607e+00  1.1804e+00
  1.0300e+01  1.6406e+00  1.7352e+00  4.5178e-01  3.1926e+00  1.2526e+00  2.4368e-01  1.1336e+00  2.8355e-01  1.5861e+00  7.1548e-01  2.0106e+00  2.5224e+00  9.3210e-01  8.4712e-01  5.7842e-01  4.0011e-01  1.6579e-01  2.7735e-02  4.9031e-01  1.5338e+00  1.3598e+00  1.0676e+00 -8.7780e-01  1.5771e+00  4.1833e-01  4.7900e-01  1.2896e+00  1.0584e+00  7.1504e+00  1.1931e+00
  1.0400e+01  1.6482e+00  1.7397e+00  4.7787e-01  3.6997e+00  1.4093e+00  2.6413e-01  1.2525e+00  3.2633e-01  1.3446e+00  8.1942e-01  2.0112e+00  2.5238e+00  9.3428e-01  9.0027e-01  6.0690e-01  4.2632e-01  1.8668e-01  3.1736e-02  4.8450e-01  1.5337e+00  1.3601e+00  5.3472e-01 -1.6380e+00  1.2028e+00 -7.1020e-02  4.8677e-01  1.3191e+00  1.0673e+00  7.6516e+00  1.2185e+00
  1.0500e+01  1.6547e+00  1.7421e+00  4.5318e-01  4.0961e+00  1.4437e+00  2.5537e-01  1.3056e+00  3.4128e-01  1.1755e+00  9.0809e-01  2.0070e+00  2.5180e+00  8.6688e-01  8.8380e-01  5.8495e-01  4.1099e-01  1.9474e-01  3.2713e-02  3.9900e-01  1.5337e+00  1.3602e+00  5.7066e-02 -2.2493e+00  8.2661e-01 -4.6469e-01  4.8020e-01  1.2962e+00  1.0448e+00  8.9791e+00  1.2353e+00
  1.0600e+01  1.6622e+00  1.7490e+00  6.1106e-01  5.4015e+00  1.8740e+00  3.0857e-01  1.5814e+00  4.0873e-01  8.4573e-01  9.8842e-01  2.0196e+00  2.5371e+00  1.0382e+00  1.0738e+00  7.3127e-01  5.2083e-01  2.2485e-01  3.8591e-02  5.9914e-01  1.5336e+00  1.3606e+00 -6.4142e-01 -3.8740e+00  4.3797e-01 -1.4226e+00  5.1940e-01  1.4246e+00  1.1294e+00  8.4846e+00  1.3013e+00
  1.0700e+01  1.6692e+00  1.7540e+00  7.2244e-01  5.4762e+00  1.9410e+00  3.1044e-01  1.4960e+00  3.5427e-01  6.9748e-01  7.9823e-01  2.0266e+00  2.5489e+00  1.2248e+00  1.1213e+00  7.7852e-01  5.4903e-01  1.9907e-01  3.4218e-02  7.5672e-01  1.5335e+00  1.3600e+00 -1.0746e+00 -4.4365e+00  1.9462e-01 -1.8031e+00  5.0252e-01  1.4032e+00  1.1026e+00  8.9186e+00  1.3072e+00
  1.0800e+01  1.6648e+00  1.7468e+00  5.5515e-01  5.6761e+00  1.7907e+00  2.8363e-01  1.5608e+00  3.8323e-01  7.6932e-01  1.0554e+00  2.0110e+00  2.5251e+00  9.2673e-01  9.9946e-01  6.6225e-01  4.6903e-01  2.2115e-01  3.6580e-02  4.4879e-01  1.5336e+00  1.3604e+00 -9.5829e-01 -4.2691e+00  1.2703e-01 -1.6753e+00  5.0346e-01  1.3727e+00  1.0858e+00  1.2674e+01  1.3186e+00
  1.0900e+01  1.6747e+00  1.7649e+00  8.9926e-01  5.8179e+00  2.2177e+00  3.5806e-01  1.6354e+00  3.2437e-01  6.0834e-01  6.7167e-01  2.0439e+00  2.5741e+00  1.4664e+00  1.2695e+00  9.1774e-01  6.4599e-01  1.9152e-01  3.3033e-02  1.0344e+00  1.5335e+00  1.3598e+00 -1.2941e+00 -5.0212e+00  2.3426e-01 -2.1101e+00  5.1144e-01  1.4435e+00  1.1294e+00  1.2583e+01  1.3677e+00
  1.1000e+01  1.6692e+00  1.7543e+00  7.3860e-01  6.4012e+00  2.1247e+00  3.2957e-01  1.6976e+00  3.5384e-01  6.2028e-01  9.4867e-01  2.0264e+00  2.5488e+00  1.1891e+00  1.1615e+00  8.0709e-01  5.6838e-01  2.1613e-01  3.5601e-02  7.2139e-01  1.5335e+00  1.3602e+00 -1.3222e+00 -5.3059e+00  4.8461e-02 -2.2594e+00  5.1641e-01  1.4294e+00  1.1222e+00  1.1212e+01  1.3686e+00
