    log(age)        CN_1        CN_2      Ca4227       G4300      Fe4383      Ca4455      Fe4531      Fe4668      H_beta      Fe5015        Mg_1        Mg_2        Mg_b      Fe5270      Fe5335      Fe5406      Fe5709      Fe5782        Na_D       TiO_1       TiO_2    Hdelta_A    Hgamma_A    Hdelta_F    Hgamma_F      Ca8498      Ca8542      Ca8662        MgUV       D4000
  6.0000e+00  1.6710e+00  1.7354e+00  7.0311e-03 -1.6593e-01 -1.7120e-02  5.2218e-02  3.0536e-02 -4.3445e-01  7.2004e-01  1.1310e-01  2.0049e+00  2.4803e+00  1.8535e-02  1.3067e-02  2.6973e-02  9.9700e-03 -1.5819e-02  4.3963e-03  2.9653e-02  1.5379e+00  1.3623e+00  9.2932e-01  9.7085e-01  6.5972e-01  7.1600e-01  5.7537e-02  1.5495e-01  2.7138e-01  3.6215e-01  8.8188e-01
  6.1000e+00  1.6738e+00  1.7369e+00  6.2858e-03 -1.3713e-01 -1.1003e-02  4.3922e-02  2.4834e-02 -5.5304e-01  5.9518e-01  1.0221e-01  2.0051e+00  2.4802e+00  1.5050e-02  1.0541e-02  2.2804e-02  8.1327e-03 -1.8552e-02  3.8890e-03  2.5693e-02  1.5378e+00  1.3623e+00  7.7840e-01  8.1194e-01  5.4845e-01  5.9518e-01  4.5009e-02  1.2222e-01  2.1831e-01  3.5255e-01  8.8099e-01
  6.2000e+00  1.6764e+00  1.7383e+00  5.6774e-03 -1.1052e-01 -4.7920e-03  3.6383e-02  2.0580e-02 -5.1632e-01  4.8455e-01  9.2330e-02  2.0050e+00  2.4799e+00  1.2494e-02  8.7298e-03  1.9525e-02  6.6997e-03 -1.8228e-02  3.4778e-03  2.2081e-02  1.5377e+00  1.3622e+00  6.4202e-01  6.6865e-01  4.4940e-01  4.8759e-01  3.5749e-02  9.7005e-02  1.7441e-01  3.3881e-01  8.8126e-01
  6.3000e+00  1.6701e+00  1.7372e+00  3.5244e-03 -1.6024e-01  3.4661e-02  7.9806e-02  1.0222e-02 -3.8651e-01  7.9819e-01  2.0582e-01  2.0042e+00  2.4786e+00 -3.6844e-03  7.1109e-04  2.4023e-02  1.5932e-02 -1.1246e-02  2.7856e-03  4.3180e-02  1.5381e+00  1.3620e+00  9.6369e-01  9.7117e-01  7.2249e-01  8.0627e-01  1.1203e-01  2.6769e-01  3.9680e-01  3.5532e-01  8.8445e-01
  6.4000e+00  1.6611e+00  1.7372e+00 -2.4043e-03 -1.8994e-01  1.8991e-01  9.7656e-02  5.7994e-03 -2.8321e+00  1.3671e+00  2.3631e-01  2.0029e+00  2.4792e+00  9.4563e-03 -4.4178e-03  5.7630e-02  3.4571e-03 -4.4991e-03 -2.5418e-01  1.4006e-01  1.6088e+00  1.3619e+00  1.4511e+00  1.4930e+00  1.2032e+00  1.3391e+00  4.0514e-01  7.9461e-01  9.3837e-01  5.9153e-01  8.9555e-01
  6.5000e+00  1.6592e+00  1.7372e+00 -4.6008e-03 -1.3131e-01  2.8167e-01  1.0465e-01  1.4212e-01 -2.7185e+00  1.5306e+00  3.3823e-01  2.0022e+00  2.4818e+00  4.1366e-02  6.0106e-02  1.1759e-01  8.6079e-03  3.6813e-02 -9.9983e-02  1.3910e-01  1.6020e+00  1.3629e+00  1.5221e+00  1.5978e+00  1.2840e+00  1.4537e+00  6.3374e-01  1.3300e+00  1.3540e+00  6.1077e-01  9.0535e-01
  6.6000e+00  1.6580e+00  1.7370e+00  8.1981e-03 -6.9242e-02  3.4042e-01  1.1164e-01  2.2960e-01 -3.2192e+00  1.4878e+00  5.4569e-01  2.0061e+00  2.4895e+00  1.4989e-01  2.0456e-01  2.7249e-01  1.3639e-01  1.5447e-01  4.2080e-02  2.1572e-01  1.5916e+00  1.3689e+00  1.6120e+00  1.6130e+00  1.3740e+00  1.4836e+00  9.6781e-01  2.1914e+00  1.9918e+00  7.7877e-01  9.0951e-01
  6.7000e+00  1.6588e+00  1.7407e+00  6.9017e-02  1.1652e-01  5.5935e-01  1.9302e-01  7.4207e-01 -1.0664e+00  1.4148e+00  1.6740e+00  2.0224e+00  2.5223e+00  5.8945e-01  8.2720e-01  8.8648e-01  7.2001e-01  5.4273e-01  3.8964e-01  7.1612e-01  1.5468e+00  1.3907e+00  1.6610e+00  1.5165e+00  1.4410e+00  1.4983e+00  1.5949e+00  3.9183e+00  3.2115e+00  8.7102e-01  9.2378e-01
  6.8000e+00  1.6718e+00  1.7538e+00  2.5745e-01  5.8189e-01  1.2306e+00  4.0238e-01  1.9156e+00  9.7494e-01  9.0533e-01  3.8382e+00  2.0646e+00  2.6035e+00  1.6238e+00  2.0870e+00  2.0970e+00  1.8233e+00  1.1630e+00  8.7786e-01  1.8704e+00  1.5536e+00  1.4276e+00  1.2060e+00  6.6018e-01  1.1063e+00  9.7852e-01  1.9586e+00  5.0019e+00  3.9101e+00  7.0864e-01  9.4398e-01
  6.9000e+00  1.6775e+00  1.7610e+00  5.0341e-01  7.4023e-01  1.7903e+00  6.1281e-01  2.8071e+00  2.7051e+00  5.3802e-01  5.1339e+00  2.1078e+00  2.6803e+00  2.4957e+00  2.9250e+00  2.9412e+00  2.5858e+00  1.4812e+00  1.1843e+00  2.7885e+00  1.5632e+00  1.4543e+00  1.0949e+00  8.6823e-02  1.0010e+00  6.1955e-01  1.9607e+00  5.0864e+00  3.9212e+00  3.7068e-01  9.4558e-01
  7.0000e+00  1.6675e+00  1.7551e+00  4.7332e-01  5.8498e-01  1.6366e+00  6.1165e-01  2.6102e+00  2.4355e+00  8.2731e-01  4.7056e+00  2.1060e+00  2.6707e+00  2.3110e+00  2.7291e+00  2.7650e+00  2.4223e+00  1.3984e+00  1.1302e+00  2.6606e+00  1.5624e+00  1.4501e+00  1.6160e+00  6.5432e-01  1.3758e+00  1.0037e+00  1.8345e+00  4.7949e+00  3.6988e+00  3.8399e-01  9.4724e-01
  7.1000e+00  1.6578e+00  1.7553e+00  5.0447e-01  6.2722e-01  1.7323e+00  6.8909e-01  2.7207e+00  2.5965e+00  1.2600e+00  4.7994e+00  2.1010e+00  2.6613e+00  2.2632e+00  2.6804e+00  2.6843e+00  2.3482e+00  1.3722e+00  1.0884e+00  2.3973e+00  1.5579e+00  1.4399e+00  2.2764e+00  1.2485e+00  1.9251e+00  1.5236e+00  1.7367e+00  4.5822e+00  3.5503e+00  4.2332e-01  9.6635e-01
  7.2000e+00  1.6294e+00  1.7437e+00  4.0179e-01  3.8408e-01  1.5187e+00  7.3189e-01  2.3794e+00  2.4938e+00  2.3233e+00  4.3886e+00  2.0786e+00  2.6212e+00  1.8415e+00  2.2843e+00  2.2668e+00  1.9799e+00  1.2143e+00  9.2547e-01  1.8315e+00  1.5506e+00  1.4204e+00  3.7946e+00  2.8798e+00  3.1338e+00  2.8069e+00  1.5994e+00  4.2644e+00  3.3636e+00  5.1286e-01  9.8359e-01
  7.3000e+00  1.6013e+00  1.7233e+00  1.4784e-01 -2.2938e-01  7.7989e-01  4.2952e-01  1.2231e+00  1.0813e+00  3.7049e+00  2.3143e+00  2.0332e+00  2.5412e+00  8.2308e-01  1.0866e+00  1.1952e+00  1.0012e+00  6.6607e-01  5.0277e-01  9.4637e-01  1.5438e+00  1.3919e+00  4.7495e+00  4.4688e+00  3.9840e+00  4.0022e+00  1.3811e+00  3.5086e+00  2.9689e+00  8.5164e-01  9.6795e-01
  7.4000e+00  1.5872e+00  1.7159e+00  1.1288e-01 -3.5289e-01  7.6261e-01  3.9822e-01  1.1668e+00  8.0222e-01  4.3122e+00  2.0231e+00  2.0253e+00  2.5318e+00  7.4414e-01  9.2030e-01  1.0570e+00  8.4265e-01  5.7922e-01  4.2663e-01  8.0498e-01  1.5427e+00  1.3872e+00  5.3627e+00  5.1708e+00  4.5000e+00  4.5632e+00  1.3631e+00  3.3728e+00  2.9411e+00  1.0320e+00  9.7926e-01
  7.5000e+00  1.5782e+00  1.7124e+00  1.1861e-01 -3.4771e-01  8.3767e-01  4.1694e-01  1.3297e+00  8.4229e-01  4.6173e+00  2.1596e+00  2.0247e+00  2.5343e+00  8.1341e-01  9.8815e-01  1.1145e+00  8.7290e-01  6.1448e-01  4.3483e-01  7.7277e-01  1.5422e+00  1.3867e+00  5.8239e+00  5.6237e+00  4.8815e+00  4.9180e+00  1.3783e+00  3.4086e+00  2.9769e+00  1.1042e+00  9.9769e-01
  7.6000e+00  1.5673e+00  1.7056e+00  1.0683e-01 -3.9049e-01  8.1059e-01  4.1365e-01  1.4081e+00  7.7457e-01  4.9713e+00  2.1164e+00  2.0192e+00  2.5290e+00  7.7927e-01  9.4881e-01  1.0605e+00  7.9917e-01  5.9193e-01  3.9220e-01  6.4399e-01  1.5411e+00  1.3831e+00  6.3163e+00  6.1567e+00  5.2476e+00  5.2891e+00  1.3621e+00  3.3400e+00  2.9556e+00  1.2000e+00  1.0169e+00
  7.7000e+00  1.5540e+00  1.6944e+00  9.2555e-02 -5.6240e-01  6.3431e-01  4.0154e-01  1.3443e+00  6.5405e-01  5.3026e+00  1.9216e+00  2.0136e+00  2.5215e+00  6.9252e-01  8.5193e-01  9.5318e-01  6.9141e-01  5.3514e-01  3.3759e-01  5.3600e-01  1.5404e+00  1.3796e+00  6.8787e+00  6.7564e+00  5.5938e+00  5.6391e+00  1.3020e+00  3.1809e+00  2.8812e+00  1.1842e+00  1.0249e+00
  7.8000e+00  1.5478e+00  1.6897e+00  8.6490e-02 -5.4980e-01  5.8622e-01  3.9900e-01  1.4718e+00  6.4141e-01  5.4286e+00  1.9800e+00  2.0113e+00  2.5217e+00  7.0126e-01  8.8890e-01  9.8025e-01  6.9072e-01  5.5222e-01  3.2647e-01  5.0450e-01  1.5419e+00  1.3818e+00  7.1486e+00  7.0502e+00  5.7505e+00  5.7983e+00  1.3042e+00  3.2036e+00  2.8978e+00  1.3295e+00  1.0452e+00
  7.9000e+00  1.5513e+00  1.6912e+00  1.1570e-01 -3.1077e-01  6.4426e-01  4.5738e-01  1.8092e+00  8.8047e-01  5.0712e+00  2.4842e+00  2.0256e+00  2.5472e+00  9.3568e-01  1.2084e+00  1.2889e+00  9.7098e-01  7.1515e-01  4.4193e-01  9.5168e-01  1.5591e+00  1.4169e+00  6.9795e+00  6.7460e+00  5.5347e+00  5.5381e+00  1.4392e+00  3.6611e+00  3.1062e+00  1.4142e+00  1.0692e+00
  8.0000e+00  1.5486e+00  1.6876e+00  1.2972e-01 -2.3239e-01  5.8015e-01  4.4915e-01  1.8728e+00  9.0842e-01  4.9910e+00  2.5582e+00  2.0316e+00  2.5554e+00  9.8945e-01  1.2732e+00  1.3437e+00  1.0394e+00  7.4203e-01  4.7086e-01  1.1097e+00  1.5654e+00  1.4289e+00  7.0203e+00  6.7039e+00  5.5133e+00  5.4829e+00  1.4652e+00  3.7466e+00  3.1311e+00  1.4773e+00  1.0745e+00
  8.1000e+00  1.5451e+00  1.6841e+00  1.4596e-01 -1.0931e-02  5.7208e-01  4.3955e-01  1.9810e+00  9.6489e-01  4.9265e+00  2.6648e+00  2.0337e+00  2.5570e+00  1.0115e+00  1.3063e+00  1.3334e+00  1.0538e+00  7.4740e-01  4.7092e-01  1.0648e+00  1.5645e+00  1.4265e+00  7.0890e+00  6.6356e+00  5.5207e+00  5.4235e+00  1.4277e+00  3.6784e+00  3.0651e+00  1.6637e+00  1.0897e+00
  8.2000e+00  1.5336e+00  1.6745e+00  1.5276e-01  6.9164e-02  4.7354e-01  4.0329e-01  1.9472e+00  9.9292e-01  5.0641e+00  2.6468e+00  2.0342e+00  2.5559e+00  1.0087e+00  1.2877e+00  1.2895e+00  1.0449e+00  7.3406e-01  4.6457e-01  1.0302e+00  1.5645e+00  1.4256e+00  7.4960e+00  6.9135e+00  5.7818e+00  5.5874e+00  1.3997e+00  3.6380e+00  3.0474e+00  1.7538e+00  1.0942e+00
  8.3000e+00  1.5259e+00  1.6693e+00  1.5050e-01  2.1729e-01  4.5911e-01  3.8592e-01  2.0213e+00  1.0535e+00  5.1915e+00  2.6973e+00  2.0325e+00  2.5525e+00  1.0064e+00  1.2829e+00  1.2464e+00  1.0200e+00  7.2718e-01  4.5107e-01  8.8971e-01  1.5597e+00  1.4158e+00  7.7899e+00  7.1661e+00  5.9803e+00  5.7297e+00  1.3464e+00  3.5055e+00  2.9621e+00  2.1087e+00  1.1144e+00
  8.4000e+00  1.5061e+00  1.6548e+00  1.6449e-01 -2.4943e-01  2.1348e-01  3.3907e-01  1.9111e+00  9.6558e-01  5.6698e+00  2.5280e+00  2.0363e+00  2.5598e+00  1.0933e+00  1.2831e+00  1.3010e+00  1.0580e+00  7.2540e-01  4.6829e-01  1.0942e+00  1.5674e+00  1.4297e+00  8.6998e+00  8.1599e+00  6.6091e+00  6.3357e+00  1.3460e+00  3.5165e+00  2.9960e+00  2.4609e+00  1.1077e+00
  8.5000e+00  1.4935e+00  1.6444e+00  1.5910e-01 -2.9978e-01  7.2622e-02  3.0920e-01  1.8960e+00  8.5170e-01  5.9650e+00  2.3819e+00  2.0287e+00  2.5498e+00  1.0471e+00  1.1821e+00  1.1832e+00  9.4476e-01  6.6572e-01  4.1511e-01  8.9665e-01  1.5604e+00  1.4155e+00  9.1819e+00  8.6821e+00  6.8893e+00  6.6234e+00  1.2803e+00  3.3276e+00  2.8973e+00  3.1108e+00  1.1265e+00
  8.6000e+00  1.4757e+00  1.6303e+00  1.9510e-01 -6.1263e-01 -8.8129e-02  2.9472e-01  1.9220e+00  7.8635e-01  6.2484e+00  2.3359e+00  2.0328e+00  2.5592e+00  1.1785e+00  1.2399e+00  1.2782e+00  1.0092e+00  6.8827e-01  4.5026e-01  1.0857e+00  1.5630e+00  1.4217e+00  9.9493e+00  9.4493e+00  7.3550e+00  7.0409e+00  1.2990e+00  3.3663e+00  2.9253e+00  3.7747e+00  1.1364e+00
  8.7000e+00  1.4818e+00  1.6368e+00  3.6726e-01 -1.7315e-01  3.6377e-01  4.5394e-01  2.6338e+00  1.1849e+00  5.3627e+00  3.1732e+00  2.0646e+00  2.6106e+00  1.7058e+00  1.8447e+00  1.8681e+00  1.5144e+00  9.5100e-01  6.9402e-01  1.7104e+00  1.5644e+00  1.4331e+00  9.7712e+00  8.8044e+00  7.0964e+00  6.5060e+00  1.4024e+00  3.6617e+00  3.0115e+00  4.8956e+00  1.1931e+00
  8.8000e+00  1.4850e+00  1.6405e+00  4.9628e-01 -2.0182e-02  5.3144e-01  5.4443e-01  3.0091e+00  1.3192e+00  4.8745e+00  3.4935e+00  2.0797e+00  2.6336e+00  1.9508e+00  2.1237e+00  2.1341e+00  1.7346e+00  1.0549e+00  8.0799e-01  1.9154e+00  1.5565e+00  1.4242e+00  9.7653e+00  8.5528e+00  6.9516e+00  6.2123e+00  1.4165e+00  3.7047e+00  3.0085e+00  5.8681e+00  1.2330e+00
  8.9000e+00  1.5010e+00  1.6540e+00  5.3815e-01  3.6808e-01  6.7962e-01  5.9521e-01  3.1959e+00  1.3877e+00  4.5890e+00  3.6387e+00  2.0747e+00  2.6305e+00  1.9950e+00  2.1666e+00  2.1389e+00  1.7243e+00  1.0574e+00  7.8619e-01  1.7776e+00  1.5536e+00  1.4183e+00  9.1175e+00  7.9101e+00  6.4528e+00  5.7559e+00  1.3777e+00  3.6095e+00  2.9375e+00  7.2209e+00  1.2727e+00
  9.0000e+00  1.5468e+00  1.6979e+00  7.0403e-01  1.3100e+00  1.5571e+00  7.8422e-01  3.8323e+00  1.7697e+00  3.7150e+00  4.2939e+00  2.0967e+00  2.6634e+00  2.3166e+00  2.5424e+00  2.4612e+00  2.0083e+00  1.1930e+00  8.9368e-01  2.0273e+00  1.5561e+00  1.4260e+00  7.2684e+00  5.7986e+00  5.3751e+00  4.5816e+00  1.3995e+00  3.6854e+00  2.9332e+00  8.7975e+00  1.3314e+00
  9.1000e+00  1.5818e+00  1.7247e+00  5.8797e-01  1.9921e+00  1.8341e+00  7.6994e-01  3.7309e+00  1.5334e+00  3.6373e+00  4.0553e+00  2.0753e+00  2.6331e+00  2.0540e+00  2.2858e+00  2.1544e+00  1.7283e+00  1.0666e+00  7.4997e-01  1.6346e+00  1.5518e+00  1.4133e+00  5.3901e+00  4.3425e+00  4.3448e+00  3.8652e+00  1.3203e+00  3.4581e+00  2.7717e+00  1.0944e+01  1.3493e+00
  9.2000e+00  1.6618e+00  1.8018e+00  9.1559e-01  3.8321e+00  3.4456e+00  1.1394e+00  4.9322e+00  2.4560e+00  2.1243e+00  5.3466e+00  2.1242e+00  2.7013e+00  2.6769e+00  2.9817e+00  2.7673e+00  2.2934e+00  1.3337e+00  9.7239e-01  2.2056e+00  1.5624e+00  1.4377e+00  1.9668e+00  2.3752e-01  2.3470e+00  1.5775e+00  1.3969e+00  3.6968e+00  2.8494e+00  1.3426e+01  1.5022e+00
  9.3000e+00  1.6791e+00  1.8119e+00  7.9677e-01  4.2747e+00  3.4425e+00  1.0945e+00  4.7464e+00  2.3539e+00  2.1144e+00  5.1830e+00  2.1023e+00  2.6718e+00  2.4780e+00  2.7436e+00  2.4866e+00  2.0460e+00  1.2266e+00  8.3121e-01  1.8388e+00  1.5636e+00  1.4338e+00  8.3069e-01 -6.3379e-01  1.6504e+00  1.0964e+00  1.3199e+00  3.5032e+00  2.7040e+00  1.5568e+01  1.5198e+00
  9.4000e+00  1.7039e+00  1.8324e+00  8.5452e-01  5.1677e+00  3.8519e+00  1.1646e+00  4.9489e+00  2.5049e+00  1.7451e+00  5.3695e+00  2.1021e+00  2.6722e+00  2.5411e+00  2.7842e+00  2.4768e+00  2.0439e+00  1.2269e+00  8.0964e-01  1.7719e+00  1.5640e+00  1.4329e+00 -6.0021e-01 -2.2929e+00  7.7444e-01  1.6339e-01  1.2915e+00  3.4426e+00  2.6395e+00  1.8141e+01  1.5983e+00
  9.5000e+00  1.7183e+00  1.8445e+00  9.2545e-01  5.8637e+00  4.1565e+00  1.2173e+00  5.0873e+00  2.5880e+00  1.4978e+00  5.4646e+00  2.1032e+00  2.6743e+00  2.6077e+00  2.8238e+00  2.4798e+00  2.0486e+00  1.2262e+00  7.9792e-01  1.7528e+00  1.5631e+00  1.4305e+00 -1.5418e+00 -3.5141e+00  2.0590e-01 -5.1636e-01  1.2698e+00  3.3955e+00  2.5901e+00  2.0354e+01  1.6671e+00
  9.6000e+00  1.7312e+00  1.8563e+00  1.0026e+00  6.4899e+00  4.4466e+00  1.2717e+00  5.2223e+00  2.6839e+00  1.2915e+00  5.5590e+00  2.1049e+00  2.6772e+00  2.6837e+00  2.8778e+00  2.5006e+00  2.0676e+00  1.2316e+00  7.9350e-01  1.7473e+00  1.5612e+00  1.4267e+00 -2.3305e+00 -4.5695e+00 -2.4732e-01 -1.1048e+00  1.2476e+00  3.3473e+00  2.5440e+00  2.2247e+01  1.7424e+00
  9.7000e+00  1.7356e+00  1.8597e+00  1.0559e+00  6.8768e+00  4.6081e+00  1.2991e+00  5.2754e+00  2.7011e+00  1.1851e+00  5.5679e+00  2.1060e+00  2.6802e+00  2.7453e+00  2.9039e+00  2.5047e+00  2.0676e+00  1.2247e+00  7.7869e-01  1.7898e+00  1.5619e+00  1.4270e+00 -2.7713e+00 -5.2263e+00 -4.9717e-01 -1.4684e+00  1.2344e+00  3.3195e+00  2.5177e+00  2.3723e+01  1.7889e+00
  9.8000e+00  1.7351e+00  1.8581e+00  1.0722e+00  7.0905e+00  4.6600e+00  1.2994e+00  5.2532e+00  2.6565e+00  1.1564e+00  5.5005e+00  2.1041e+00  2.6782e+00  2.7500e+00  2.8846e+00  2.4663e+00  2.0290e+00  1.1998e+00  7.4830e-01  1.7960e+00  1.5613e+00  1.4246e+00 -2.9757e+00 -5.5513e+00 -6.1372e-01 -1.6496e+00  1.2175e+00  3.2792e+00  2.4849e+00  2.4654e+01  1.8127e+00
  9.9000e+00  1.7381e+00  1.8612e+00  1.1415e+00  7.3422e+00  4.7908e+00  1.3228e+00  5.2742e+00  2.6247e+00  1.0766e+00  5.4457e+00  2.1052e+00  2.6803e+00  2.8059e+00  2.9067e+00  2.4672e+00  2.0233e+00  1.1823e+00  7.3149e-01  1.8393e+00  1.5579e+00  1.4180e+00 -3.2808e+00 -6.0151e+00 -7.5656e-01 -1.9075e+00  1.1875e+00  3.2108e+00  2.4305e+00  2.5660e+01  1.8491e+00
  1.0000e+01  1.7448e+00  1.8687e+00  1.2387e+00  7.6708e+00  5.0195e+00  1.3780e+00  5.4036e+00  2.7136e+00  9.3734e-01  5.5271e+00  2.1124e+00  2.6908e+00  2.9146e+00  3.0003e+00  2.5436e+00  2.0867e+00  1.2020e+00  7.4572e-01  1.9708e+00  1.5587e+00  1.4193e+00 -3.7188e+00 -6.6596e+00 -9.7739e-01 -2.2635e+00  1.1849e+00  3.2147e+00  2.4306e+00  2.6952e+01  1.9158e+00
  1.0100e+01  1.7556e+00  1.8808e+00  1.3294e+00  8.0212e+00  5.2814e+00  1.4446e+00  5.5704e+00  2.8570e+00  7.8400e-01  5.6623e+00  2.1201e+00  2.7016e+00  3.0128e+00  3.1066e+00  2.6322e+00  2.1632e+00  1.2323e+00  7.6762e-01  2.0862e+00  1.5592e+00  1.4206e+00 -4.2500e+00 -7.3392e+00 -1.2418e+00 -2.6423e+00  1.1842e+00  3.2220e+00  2.4338e+00  2.8388e+01  2.0050e+00
  1.0200e+01  1.7665e+00  1.8931e+00  1.4014e+00  8.3389e+00  5.5214e+00  1.5074e+00  5.7283e+00  2.9931e+00  6.4741e-01  5.7904e+00  2.1268e+00  2.7106e+00  3.0863e+00  3.1988e+00  2.7091e+00  2.2302e+00  1.2602e+00  7.8754e-01  2.1772e+00  1.5598e+00  1.4219e+00 -4.7564e+00 -7.9472e+00 -1.4945e+00 -2.9835e+00  1.1831e+00  3.2256e+00  2.4353e+00  3.0124e+01  2.1006e+00
  1.0300e+01  1.7619e+00  1.8896e+00  1.5144e+00  8.3704e+00  5.6122e+00  1.5299e+00  5.6929e+00  2.8474e+00  6.0562e-01  5.5893e+00  2.1322e+00  2.7194e+00  3.1874e+00  3.2311e+00  2.7204e+00  2.2198e+00  1.2185e+00  7.4775e-01  2.3973e+00  1.5589e+00  1.4182e+00 -4.8395e+00 -8.1637e+00 -1.4637e+00 -3.1064e+00  1.1463e+00  3.1436e+00  2.3725e+00  3.0830e+01  2.1227e+00
  1.0400e+01  1.7801e+00  1.9101e+00  1.5450e+00  8.6450e+00  5.8538e+00  1.6075e+00  5.9591e+00  3.1355e+00  4.6207e-01  5.9263e+00  2.1412e+00  2.7294e+00  3.2062e+00  3.3488e+00  2.8457e+00  2.3429e+00  1.2965e+00  8.1618e-01  2.4113e+00  1.5621e+00  1.4260e+00 -5.3460e+00 -8.6765e+00 -1.7631e+00 -3.3741e+00  1.1837e+00  3.2389e+00  2.4448e+00  3.3248e+01  2.2399e+00
  1.0500e+01  1.7705e+00  1.9026e+00  1.6604e+00  8.4039e+00  5.8434e+00  1.6216e+00  5.8993e+00  2.9159e+00  4.6639e-01  5.6726e+00  2.1501e+00  2.7419e+00  3.2886e+00  3.3799e+00  2.8745e+00  2.3418e+00  1.2526e+00  7.7919e-01  2.7106e+00  1.5630e+00  1.4257e+00 -5.0726e+00 -8.5016e+00 -1.5394e+00 -3.2534e+00  1.1557e+00  3.1799e+00  2.4028e+00  3.3155e+01  2.1984e+00
  1.0600e+01  1.7006e+00  1.8465e+00  1.4056e+00  5.6458e+00  4.7637e+00  1.4103e+00  5.2670e+00  2.5047e+00  1.3965e+00  5.0722e+00  2.1496e+00  2.7390e+00  3.1524e+00  3.2334e+00  2.8408e+00  2.2837e+00  1.2057e+00  7.6462e-01  2.8926e+00  1.5648e+00  1.4286e+00 -5.3061e-01 -3.2085e+00  1.2668e+00 -2.9849e-01  1.1569e+00  3.1704e+00  2.4400e+00  1.5445e+01  1.7227e+00
  1.0700e+01  1.7167e+00  1.8669e+00  1.5791e+00  5.6479e+00  5.0789e+00  1.5261e+00  5.4090e+00  2.8076e+00  1.0622e+00  5.2672e+00  2.1742e+00  2.7681e+00  3.3574e+00  3.4552e+00  3.0341e+00  2.4727e+00  1.2619e+00  8.2096e-01  3.2425e+00  1.5674e+00  1.4337e+00 -8.6807e-01 -3.8327e+00  1.2371e+00 -6.3391e-01  1.1466e+00  3.1809e+00  2.4412e+00  5.5440e+00  1.6682e+00
  1.0800e+01  1.7555e+00  1.9060e+00  1.8675e+00  6.2671e+00  5.7111e+00  1.7482e+00  5.7380e+00  2.9616e+00  5.1144e-01  5.3998e+00  2.1995e+00  2.8022e+00  3.6318e+00  3.6802e+00  3.2159e+00  2.6158e+00  1.2888e+00  8.3605e-01  3.6373e+00  1.5726e+00  1.4415e+00 -2.6103e+00 -5.8302e+00  2.9215e-01 -1.7993e+00  1.1068e+00  3.1012e+00  2.3637e+00  3.2705e+00  1.7598e+00
  1.0900e+01  1.8214e+00  1.9810e+00  2.8364e+00  7.9200e+00  7.0780e+00  2.1009e+00  6.4876e+00  2.9240e+00 -3.6133e-01  5.2430e+00  2.2596e+00  2.8822e+00  4.2516e+00  4.1283e+00  3.5535e+00  2.8457e+00  1.2652e+00  8.0560e-01  4.7280e+00  1.5745e+00  1.4406e+00 -6.4014e+00 -1.0184e+01 -1.4389e+00 -4.2043e+00  1.0312e+00  2.9458e+00  2.2275e+00  5.6183e+00  2.3391e+00
  1.1000e+01  1.8469e+00  2.0082e+00  2.7312e+00  8.2431e+00  7.2335e+00  2.1529e+00  6.8025e+00  3.2797e+00 -3.4192e-01  5.9670e+00  2.2442e+00  2.8624e+00  4.1695e+00  4.1218e+00  3.6062e+00  2.9613e+00  1.4210e+00  9.6267e-01  4.0207e+00  1.5725e+00  1.4463e+00 -6.7249e+00 -1.0383e+01 -1.6824e+00 -4.2557e+00  1.1593e+00  3.2293e+00  2.4397e+00  3.2529e+00  2.4567e+00
