    log(age)        CN_1        CN_2      Ca4227       G4300      Fe4383      Ca4455      Fe4531      Fe4668      H_beta      Fe5015        Mg_1        Mg_2        Mg_b      Fe5270      Fe5335      Fe5406      Fe5709      Fe5782        Na_D       TiO_1       TiO_2    Hdelta_A    Hgamma_A    Hdelta_F    Hgamma_F      Ca8498      Ca8542      Ca8662        MgUV       D4000
  6.0000e+00  1.6726e+00  1.7357e+00  5.4635e-03 -1.5153e-01 -4.3760e-02  4.7366e-02  1.4285e-02 -4.7119e-01  6.1573e-01  8.8788e-02  2.0052e+00  2.4801e+00  1.3426e-02  7.3178e-03  1.3324e-02  4.1425e-03 -2.0787e-02  2.4558e-03  2.1375e-02  1.5378e+00  1.3623e+00  8.4372e-01  8.6845e-01  5.8244e-01  6.2095e-01  3.3187e-02  9.6264e-02  2.0110e-01  3.5442e-01  8.7893e-01
  6.1000e+00  1.6735e+00  1.7362e+00  5.2768e-03 -1.4127e-01 -3.8266e-02  4.5434e-02  1.3512e-02 -6.8255e-01  5.7723e-01  8.7119e-02  2.0053e+00  2.4800e+00  1.2457e-02  7.0443e-03  1.2875e-02  3.9818e-03 -2.1083e-02  2.4291e-03  2.0591e-02  1.5377e+00  1.3623e+00  7.9367e-01  8.1592e-01  5.4739e-01  5.8336e-01  3.0269e-02  8.8283e-02  1.8560e-01  3.5098e-01  8.7895e-01
  6.2000e+00  1.6747e+00  1.7369e+00  5.1041e-03 -1.2847e-01 -3.2917e-02  4.1887e-02  1.2780e-02 -7.6772e-01  5.2802e-01  8.4156e-02  2.0053e+00  2.4800e+00  1.1643e-02  6.6409e-03  1.2348e-02  3.7484e-03 -2.2352e-02  2.3887e-03  1.9410e-02  1.5377e+00  1.3622e+00  7.2949e-01  7.4979e-01  5.0174e-01  5.3485e-01  2.7570e-02  8.0286e-02  1.6889e-01  3.4670e-01  8.7901e-01
  6.3000e+00  1.6780e+00  1.7416e+00  4.2172e-03  2.7789e-01  2.0934e-01  9.1332e-02  3.8956e-01 -2.3341e-01  5.1917e-01  7.4841e-01  2.0088e+00  2.4902e+00  1.2890e-01  3.3940e-01  2.2962e-01  2.2315e-01  2.1787e-01  7.9483e-02  7.2993e-02  1.5374e+00  1.3670e+00  4.9826e-01  3.5793e-01  3.7865e-01  3.7005e-01  8.5273e-01  2.2848e+00  1.8009e+00  3.3843e-01  8.9799e-01
  6.4000e+00  1.6781e+00  1.7538e+00  4.9157e-03  2.0246e+00  1.1780e+00  3.0545e-01  1.8694e+00  2.1754e-01  8.7211e-01  2.6939e+00  2.0210e+00  2.5211e+00  4.8274e-01  1.2214e+00  7.8158e-01  7.5784e-01  7.0031e-01  2.1972e-01  1.7761e-01  1.5390e+00  1.3753e+00  2.1993e-01 -6.2666e-01  3.7535e-01  1.7108e-01  1.4373e+00  3.8199e+00  2.9152e+00  4.6527e-01  1.0013e+00
  6.5000e+00  1.6483e+00  1.7333e+00  7.6682e-03 -1.8493e-01  1.0252e-01  7.0936e-02  1.0673e-01 -1.1760e+00  2.0473e+00  2.0955e-01  2.0019e+00  2.4788e+00  3.4294e-02  5.7525e-03  5.7747e-02  8.7704e-03  6.0753e-03 -1.1347e-03  3.8486e-02  1.5403e+00  1.3617e+00  2.0805e+00  2.1505e+00  1.8087e+00  1.9433e+00  6.7863e-01  1.3196e+00  1.4270e+00  4.8918e-01  9.0797e-01
  6.6000e+00  1.6171e+00  1.7273e+00  1.1593e-02 -2.0769e-01  2.4411e-01  2.7431e-02  3.4009e-01 -2.4173e-01  3.7187e+00  2.7293e-01  1.9989e+00  2.4803e+00  1.0448e-01  1.1743e-02  1.2969e-01  3.5724e-02  3.8720e-02  2.2693e-02  5.5098e-02  1.5370e+00  1.3619e+00  3.5565e+00  3.7244e+00  3.2682e+00  3.4770e+00  1.2113e+00  2.3060e+00  2.3452e+00  7.2699e-01  9.4348e-01
  6.7000e+00  1.6122e+00  1.7274e+00  1.3384e-02  1.0370e-01  5.3468e-01  4.3600e-02  7.9082e-01 -8.3549e-03  3.9070e+00  7.6703e-01  2.0003e+00  2.4912e+00  2.6741e-01  2.7444e-01  3.3303e-01  1.8226e-01  1.9619e-01  7.6771e-02  1.0391e-01  1.5367e+00  1.3655e+00  3.7180e+00  3.8225e+00  3.4668e+00  3.6617e+00  1.4031e+00  3.0259e+00  2.7112e+00  1.1219e+00  9.7940e-01
  6.8000e+00  1.6430e+00  1.7415e+00  4.1817e-02  1.0025e+00  9.5999e-01  2.3008e-01  1.5141e+00  7.7680e-01  2.3337e+00  2.1328e+00  2.0142e+00  2.5150e+00  4.6829e-01  9.9074e-01  7.3890e-01  6.1969e-01  6.0503e-01  2.1509e-01  2.1600e-01  1.5376e+00  1.3753e+00  2.2397e+00  1.9419e+00  2.1379e+00  2.1611e+00  1.4485e+00  3.6941e+00  2.9221e+00  7.1834e-01  1.0066e+00
  6.9000e+00  1.6422e+00  1.7400e+00  5.3659e-02  7.2787e-01  7.8902e-01  2.4751e-01  1.2877e+00  8.6244e-01  2.2429e+00  2.0961e+00  2.0172e+00  2.5155e+00  4.6060e-01  1.0121e+00  7.5229e-01  6.6678e-01  6.4401e-01  2.4467e-01  2.5380e-01  1.5385e+00  1.3777e+00  2.4295e+00  2.1454e+00  2.2420e+00  2.2207e+00  1.3895e+00  3.5957e+00  2.8537e+00  5.2452e-01  9.7640e-01
  7.0000e+00  1.6287e+00  1.7309e+00  3.2799e-02  2.1773e-01  4.8960e-01  1.8135e-01  8.3752e-01  4.6493e-01  2.8363e+00  1.3268e+00  2.0091e+00  2.5003e+00  3.0804e-01  6.0464e-01  5.0271e-01  4.1233e-01  4.1056e-01  1.5954e-01  1.8196e-01  1.5379e+00  1.3719e+00  3.0657e+00  2.9755e+00  2.7238e+00  2.8004e+00  1.2567e+00  3.0973e+00  2.5811e+00  5.4574e-01  9.5938e-01
  7.1000e+00  1.6205e+00  1.7241e+00  1.8316e-02 -1.9130e-01  2.1907e-01  1.5007e-01  4.1101e-01  2.1536e-01  3.1899e+00  6.6937e-01  2.0032e+00  2.4867e+00  1.5566e-01  2.4436e-01  2.5018e-01  1.8185e-01  1.8690e-01  7.4755e-02  1.1179e-01  1.5376e+00  1.3660e+00  3.4750e+00  3.4935e+00  3.0000e+00  3.1291e+00  1.0635e+00  2.4166e+00  2.2244e+00  4.4194e-01  9.3959e-01
  7.2000e+00  1.6176e+00  1.7206e+00  1.5540e-02 -3.3041e-01  1.2156e-01  1.6649e-01  2.8235e-01  1.7883e-01  3.2395e+00  5.0678e-01  2.0018e+00  2.4828e+00  1.1072e-01  1.5153e-01  1.7444e-01  1.1915e-01  1.2134e-01  4.9634e-02  9.5749e-02  1.5375e+00  1.3643e+00  3.6346e+00  3.6573e+00  3.0609e+00  3.1927e+00  9.2641e-01  2.0415e+00  2.0008e+00  3.9235e-01  9.3359e-01
  7.3000e+00  1.6079e+00  1.7152e+00  1.4537e-02 -4.7398e-01  5.1693e-02  2.0780e-01  1.9611e-01  1.8027e-01  3.5567e+00  4.1996e-01  2.0005e+00  2.4796e+00  6.8844e-02  8.8511e-02  1.1755e-01  7.4193e-02  7.2241e-02  2.9367e-02  8.3656e-02  1.5375e+00  1.3627e+00  4.1281e+00  4.1313e+00  3.4212e+00  3.5494e+00  8.1205e-01  1.7395e+00  1.8551e+00  3.5739e-01  9.3305e-01
  7.4000e+00  1.5851e+00  1.7057e+00  2.2288e-02 -4.9424e-01  1.4644e-01  2.8899e-01  3.8957e-01  2.9032e-01  4.3213e+00  7.2764e-01  2.0015e+00  2.4847e+00  1.4606e-01  2.2941e-01  2.3124e-01  1.7180e-01  1.6619e-01  6.6818e-02  1.2378e-01  1.5375e+00  1.3649e+00  5.2265e+00  5.1310e+00  4.3253e+00  4.4059e+00  9.5786e-01  2.1927e+00  2.1858e+00  4.9541e-01  9.5317e-01
  7.5000e+00  1.5758e+00  1.7011e+00  2.3681e-02 -5.6029e-01  1.0828e-01  2.7467e-01  4.0230e-01  2.4186e-01  4.6604e+00  6.8246e-01  2.0006e+00  2.4840e+00  1.4662e-01  2.0587e-01  2.2444e-01  1.5759e-01  1.5117e-01  6.0037e-02  1.1543e-01  1.5374e+00  1.3642e+00  5.6489e+00  5.5670e+00  4.6771e+00  4.7530e+00  9.8531e-01  2.1999e+00  2.2404e+00  5.3594e-01  9.6025e-01
  7.6000e+00  1.5664e+00  1.6956e+00  2.7122e-02 -5.9603e-01  7.8043e-02  2.6029e-01  4.5847e-01  2.1284e-01  4.9562e+00  6.9432e-01  2.0001e+00  2.4848e+00  1.7057e-01  2.1771e-01  2.4294e-01  1.6426e-01  1.5612e-01  6.0747e-02  1.1406e-01  1.5372e+00  1.3641e+00  6.0635e+00  5.9807e+00  5.0022e+00  5.0643e+00  1.0182e+00  2.2527e+00  2.3019e+00  6.1432e-01  9.6988e-01
  7.7000e+00  1.5567e+00  1.6889e+00  2.9142e-02 -6.8288e-01  8.6304e-03  2.5746e-01  4.7425e-01  1.8756e-01  5.2307e+00  6.7726e-01  1.9993e+00  2.4847e+00  1.8240e-01  2.1266e-01  2.4322e-01  1.5803e-01  1.4839e-01  5.6341e-02  1.1220e-01  1.5371e+00  1.3638e+00  6.4968e+00  6.4122e+00  5.3032e+00  5.3547e+00  1.0097e+00  2.2239e+00  2.3138e+00  6.7066e-01  9.7662e-01
  7.8000e+00  1.5462e+00  1.6834e+00  3.6089e-02 -6.0923e-01  6.3430e-02  2.4477e-01  6.4424e-01  1.7687e-01  5.5207e+00  8.0791e-01  1.9993e+00  2.4888e+00  2.6549e-01  2.8545e-01  3.1335e-01  1.9853e-01  1.8574e-01  6.7584e-02  1.2877e-01  1.5370e+00  1.3647e+00  6.9267e+00  6.8001e+00  5.6587e+00  5.6784e+00  1.0868e+00  2.4105e+00  2.4233e+00  9.1184e-01  9.9716e-01
  7.9000e+00  1.5355e+00  1.6771e+00  7.2072e-02 -5.4708e-01  1.4103e-01  2.6259e-01  8.9412e-01  3.1429e-01  5.5380e+00  1.1749e+00  2.0060e+00  2.5031e+00  4.4848e-01  5.6631e-01  5.3553e-01  4.0414e-01  3.5483e-01  1.6266e-01  2.9508e-01  1.5390e+00  1.3742e+00  7.3997e+00  7.1438e+00  6.0030e+00  5.9185e+00  1.2090e+00  2.9162e+00  2.6345e+00  1.0684e+00  1.0184e+00
  8.0000e+00  1.5272e+00  1.6694e+00  1.0559e-01 -4.5207e-01  1.6048e-01  2.9131e-01  1.1013e+00  4.2485e-01  5.4059e+00  1.4404e+00  2.0087e+00  2.5100e+00  5.4255e-01  7.3839e-01  6.5286e-01  5.0747e-01  4.3763e-01  1.9894e-01  3.3064e-01  1.5390e+00  1.3759e+00  7.7507e+00  7.3391e+00  6.1615e+00  5.9651e+00  1.1890e+00  2.9565e+00  2.5997e+00  1.1697e+00  1.0418e+00
  8.1000e+00  1.5254e+00  1.6654e+00  1.1682e-01 -3.7703e-01  1.0552e-01  3.0076e-01  1.2025e+00  4.3035e-01  5.2457e+00  1.4928e+00  2.0080e+00  2.5110e+00  5.6009e-01  7.7995e-01  6.7794e-01  5.1537e-01  4.3851e-01  1.9523e-01  3.2432e-01  1.5387e+00  1.3751e+00  7.7986e+00  7.3293e+00  6.0719e+00  5.8396e+00  1.1332e+00  2.8350e+00  2.4888e+00  1.3413e+00  1.0610e+00
  8.2000e+00  1.5335e+00  1.6695e+00  1.3216e-01 -5.8080e-02  1.5072e-01  3.1756e-01  1.3367e+00  4.8878e-01  4.8783e+00  1.6341e+00  2.0095e+00  2.5136e+00  5.7626e-01  8.5613e-01  7.1988e-01  5.5393e-01  4.5732e-01  2.0100e-01  3.2797e-01  1.5386e+00  1.3752e+00  7.3805e+00  6.8078e+00  5.7025e+00  5.4384e+00  1.0794e+00  2.7476e+00  2.3844e+00  1.5541e+00  1.0790e+00
  8.3000e+00  1.5319e+00  1.6675e+00  1.4852e-01  4.3492e-03  9.5578e-02  3.2117e-01  1.3918e+00  5.6063e-01  4.7660e+00  1.7427e+00  2.0130e+00  2.5181e+00  6.1306e-01  9.4278e-01  7.7664e-01  6.2001e-01  4.9844e-01  2.2819e-01  3.7464e-01  1.5392e+00  1.3775e+00  7.4491e+00  6.8005e+00  5.7004e+00  5.3877e+00  1.0636e+00  2.7660e+00  2.3749e+00  1.5846e+00  1.0852e+00
  8.4000e+00  1.5282e+00  1.6639e+00  1.5078e-01  2.8186e-02  1.7081e-02  2.9553e-01  1.3901e+00  5.0881e-01  4.8306e+00  1.6682e+00  2.0114e+00  2.5161e+00  6.0046e-01  8.9773e-01  7.4130e-01  5.8153e-01  4.6142e-01  2.0728e-01  3.4805e-01  1.5387e+00  1.3755e+00  7.5564e+00  6.9093e+00  5.7415e+00  5.4234e+00  1.0125e+00  2.6259e+00  2.2860e+00  1.9184e+00  1.0950e+00
  8.5000e+00  1.5111e+00  1.6501e+00  1.3510e-01 -3.7932e-01 -3.0070e-01  2.4121e-01  1.1870e+00  3.9542e-01  5.3397e+00  1.3951e+00  2.0080e+00  2.5098e+00  5.4333e-01  7.6000e-01  6.3996e-01  4.9230e-01  3.8959e-01  1.7426e-01  3.1310e-01  1.5383e+00  1.3731e+00  8.3169e+00  7.7902e+00  6.2387e+00  5.9518e+00  9.5463e-01  2.4651e+00  2.2372e+00  1.8792e+00  1.0846e+00
  8.6000e+00  1.5126e+00  1.6510e+00  1.5419e-01 -2.3937e-01 -2.5909e-01  2.4164e-01  1.3022e+00  4.1573e-01  5.1911e+00  1.4938e+00  2.0098e+00  2.5140e+00  5.9928e-01  8.2590e-01  6.9378e-01  5.3494e-01  4.1408e-01  1.8858e-01  3.4430e-01  1.5385e+00  1.3742e+00  8.2364e+00  7.6365e+00  6.1508e+00  5.8264e+00  9.5779e-01  2.4811e+00  2.2214e+00  2.5040e+00  1.1018e+00
  8.7000e+00  1.5028e+00  1.6429e+00  1.6551e-01 -3.7269e-01 -4.0483e-01  2.3800e-01  1.3274e+00  4.6280e-01  5.2725e+00  1.5615e+00  2.0117e+00  2.5169e+00  6.3740e-01  8.8053e-01  7.3207e-01  5.7887e-01  4.4420e-01  2.0753e-01  3.7151e-01  1.5387e+00  1.3755e+00  8.7077e+00  8.0641e+00  6.4008e+00  6.0301e+00  9.5025e-01  2.4966e+00  2.2279e+00  2.6855e+00  1.1096e+00
  8.8000e+00  1.4957e+00  1.6356e+00  1.8588e-01 -1.1314e-01 -4.6216e-01  2.4408e-01  1.4154e+00  5.1183e-01  5.2144e+00  1.6715e+00  2.0099e+00  2.5154e+00  6.5448e-01  9.0496e-01  7.3036e-01  5.8191e-01  4.4933e-01  1.9698e-01  3.2161e-01  1.5380e+00  1.3733e+00  8.9335e+00  8.1000e+00  6.4572e+00  5.9876e+00  9.0891e-01  2.4104e+00  2.1627e+00  3.0677e+00  1.1290e+00
  8.9000e+00  1.4937e+00  1.6338e+00  2.2581e-01  2.5431e-01 -3.5753e-01  2.8986e-01  1.6740e+00  7.0201e-01  4.9044e+00  2.0226e+00  2.0143e+00  2.5240e+00  7.6677e-01  1.0961e+00  8.5801e-01  7.0821e-01  5.4864e-01  2.4273e-01  3.5809e-01  1.5383e+00  1.3756e+00  9.0156e+00  7.9508e+00  6.4189e+00  5.8089e+00  9.4745e-01  2.5389e+00  2.2096e+00  3.4247e+00  1.1623e+00
  9.0000e+00  1.5046e+00  1.6412e+00  2.6987e-01  9.9885e-01 -6.8565e-02  3.4650e-01  1.9842e+00  8.6396e-01  4.3584e+00  2.3376e+00  2.0165e+00  2.5297e+00  8.5472e-01  1.2406e+00  9.4164e-01  7.8394e-01  6.0935e-01  2.5984e-01  3.5635e-01  1.5380e+00  1.3754e+00  8.4121e+00  7.0884e+00  5.9095e+00  5.1809e+00  9.5286e-01  2.5557e+00  2.1779e+00  4.3912e+00  1.2123e+00
  9.1000e+00  1.5435e+00  1.6729e+00  3.4809e-01  2.4918e+00  7.2919e-01  4.7145e-01  2.5642e+00  1.1833e+00  3.3055e+00  2.9258e+00  2.0225e+00  2.5412e+00  9.8405e-01  1.5133e+00  1.1120e+00  9.3876e-01  7.2377e-01  3.0352e-01  3.7661e-01  1.5381e+00  1.3769e+00  6.5179e+00  4.7396e+00  4.6060e+00  3.7072e+00  9.7760e-01  2.6309e+00  2.1609e+00  6.1165e+00  1.3033e+00
  9.2000e+00  1.5498e+00  1.6772e+00  3.9404e-01  2.8230e+00  8.9400e-01  4.9333e-01  2.6521e+00  1.1803e+00  3.1450e+00  2.9202e+00  2.0247e+00  2.5459e+00  1.0456e+00  1.5577e+00  1.1484e+00  9.6705e-01  7.2587e-01  3.1423e-01  4.3871e-01  1.5386e+00  1.3784e+00  6.0106e+00  4.2025e+00  4.2611e+00  3.3697e+00  9.7812e-01  2.6294e+00  2.1515e+00  6.7072e+00  1.3322e+00
  9.3000e+00  1.5567e+00  1.6817e+00  3.8693e-01  2.7618e+00  9.0710e-01  4.4829e-01  2.4498e+00  9.5163e-01  3.3162e+00  2.5499e+00  2.0197e+00  2.5394e+00  1.0049e+00  1.3898e+00  1.0256e+00  8.3716e-01  6.1818e-01  2.5771e-01  4.2313e-01  1.5379e+00  1.3747e+00  5.4803e+00  3.9157e+00  4.0502e+00  3.2948e+00  9.1567e-01  2.4366e+00  2.0301e+00  7.5605e+00  1.3114e+00
  9.4000e+00  1.5890e+00  1.7096e+00  4.2156e-01  3.3988e+00  1.4232e+00  4.9118e-01  2.5995e+00  1.0008e+00  2.9009e+00  2.6549e+00  2.0217e+00  2.5427e+00  1.0427e+00  1.4428e+00  1.0531e+00  8.5625e-01  6.2209e-01  2.5416e-01  4.3310e-01  1.5376e+00  1.3740e+00  3.8832e+00  2.2577e+00  3.2091e+00  2.4396e+00  8.9830e-01  2.3895e+00  1.9681e+00  8.9817e+00  1.3301e+00
  9.5000e+00  1.6160e+00  1.7320e+00  4.5662e-01  4.0440e+00  1.8545e+00  5.3661e-01  2.7584e+00  1.0644e+00  2.4737e+00  2.7803e+00  2.0237e+00  2.5459e+00  1.0767e+00  1.5009e+00  1.0840e+00  8.8095e-01  6.3052e-01  2.5204e-01  4.4210e-01  1.5373e+00  1.3732e+00  2.4818e+00  7.1967e-01  2.4123e+00  1.5953e+00  8.8262e-01  2.3503e+00  1.9097e+00  1.0461e+01  1.3576e+00
  9.6000e+00  1.6317e+00  1.7449e+00  4.8698e-01  4.2861e+00  2.0592e+00  5.5585e-01  2.8010e+00  1.0688e+00  2.2348e+00  2.7942e+00  2.0258e+00  2.5491e+00  1.1127e+00  1.5274e+00  1.1028e+00  8.9407e-01  6.2672e-01  2.5006e-01  4.7926e-01  1.5373e+00  1.3731e+00  1.6740e+00 -1.3101e-01  1.9568e+00  1.1265e+00  8.7165e-01  2.3261e+00  1.8740e+00  1.1532e+01  1.3642e+00
  9.7000e+00  1.6434e+00  1.7542e+00  5.1911e-01  4.4038e+00  2.1860e+00  5.6384e-01  2.7932e+00  1.0400e+00  2.0549e+00  2.7497e+00  2.0277e+00  2.5521e+00  1.1496e+00  1.5341e+00  1.1101e+00  8.9452e-01  6.1089e-01  2.4235e-01  5.3026e-01  1.5373e+00  1.3728e+00  1.0495e+00 -7.7530e-01  1.6025e+00  7.6820e-01  8.5901e-01  2.2973e+00  1.8365e+00  1.2573e+01  1.3633e+00
  9.8000e+00  1.6576e+00  1.7652e+00  5.5686e-01  4.8590e+00  2.4250e+00  5.9542e-01  2.8954e+00  1.0737e+00  1.7781e+00  2.8132e+00  2.0292e+00  2.5546e+00  1.1850e+00  1.5715e+00  1.1287e+00  9.0734e-01  6.0974e-01  2.3509e-01  5.5324e-01  1.5370e+00  1.3717e+00  2.1855e-01 -1.7590e+00  1.0913e+00  1.8891e-01  8.4213e-01  2.2575e+00  1.7882e+00  1.4056e+01  1.3915e+00
  9.9000e+00  1.6704e+00  1.7761e+00  6.1006e-01  5.3551e+00  2.6771e+00  6.4183e-01  3.0643e+00  1.1688e+00  1.5043e+00  2.9725e+00  2.0335e+00  2.5609e+00  1.2447e+00  1.6663e+00  1.1966e+00  9.6900e-01  6.4587e-01  2.5355e-01  6.0142e-01  1.5372e+00  1.3728e+00 -4.7894e-01 -2.7051e+00  6.5042e-01 -3.5997e-01  8.5689e-01  2.3085e+00  1.8098e+00  1.5669e+01  1.4286e+00
  1.0000e+01  1.6701e+00  1.7744e+00  6.2825e-01  5.1681e+00  2.5918e+00  6.1408e-01  2.9311e+00  1.0289e+00  1.5116e+00  2.7670e+00  2.0334e+00  2.5612e+00  1.2590e+00  1.6022e+00  1.1607e+00  9.2029e-01  5.9100e-01  2.2432e-01  6.6819e-01  1.5370e+00  1.3714e+00 -5.2629e-01 -2.7208e+00  6.1332e-01 -3.6558e-01  8.3839e-01  2.2560e+00  1.7674e+00  1.6730e+01  1.4048e+00
  1.0100e+01  1.6571e+00  1.7674e+00  6.0841e-01  4.8463e+00  2.5408e+00  6.1364e-01  2.9592e+00  1.0758e+00  1.7469e+00  2.8228e+00  2.0350e+00  2.5636e+00  1.2811e+00  1.6449e+00  1.2024e+00  9.5846e-01  6.2573e-01  2.4504e-01  6.8418e-01  1.5373e+00  1.3725e+00  3.5805e-01 -1.7608e+00  1.2255e+00  2.1482e-01  8.7523e-01  2.3347e+00  1.8440e+00  1.6051e+01  1.3965e+00
  1.0200e+01  1.6374e+00  1.7530e+00  6.4102e-01  4.4611e+00  2.3640e+00  5.7942e-01  2.7598e+00  9.9241e-01  2.0366e+00  2.5957e+00  2.0388e+00  2.5684e+00  1.3500e+00  1.6266e+00  1.1921e+00  9.4904e-01  5.9059e-01  2.2867e-01  8.2624e-01  1.5373e+00  1.3716e+00  1.3593e+00 -8.7609e-01  1.9565e+00  7.9827e-01  8.6567e-01  2.3177e+00  1.8433e+00  1.3335e+01  1.3485e+00
  1.0300e+01  1.6489e+00  1.7640e+00  6.5336e-01  5.0423e+00  2.6570e+00  6.5385e-01  2.9999e+00  1.2106e+00  1.7349e+00  2.9240e+00  2.0435e+00  2.5734e+00  1.3556e+00  1.7694e+00  1.2806e+00  1.0483e+00  6.7364e-01  2.7099e-01  8.1191e-01  1.5378e+00  1.3740e+00  8.2110e-01 -1.7136e+00  1.6277e+00  3.1982e-01  8.9252e-01  2.4106e+00  1.8992e+00  9.1603e+00  1.3685e+00
  1.0400e+01  1.6671e+00  1.7778e+00  8.0299e-01  5.7902e+00  3.0408e+00  7.3536e-01  3.1710e+00  1.2484e+00  1.3066e+00  2.9529e+00  2.0523e+00  2.5877e+00  1.5236e+00  1.8969e+00  1.3695e+00  1.1137e+00  6.7595e-01  2.6878e-01  1.0183e+00  1.5379e+00  1.3739e+00 -3.4778e-01 -3.3060e+00  8.7639e-01 -6.6217e-01  8.7327e-01  2.3857e+00  1.8580e+00  9.4374e+00  1.4307e+00
  1.0500e+01  1.6718e+00  1.7834e+00  8.5961e-01  6.0390e+00  3.2322e+00  7.8176e-01  3.2779e+00  1.3070e+00  1.1903e+00  3.0175e+00  2.0582e+00  2.5960e+00  1.5967e+00  1.9826e+00  1.4325e+00  1.1686e+00  6.9825e-01  2.7988e-01  1.1236e+00  1.5382e+00  1.3747e+00 -5.8636e-01 -3.7296e+00  7.7146e-01 -8.9670e-01  8.8423e-01  2.4189e+00  1.8787e+00  8.5892e+00  1.4492e+00
  1.0600e+01  1.6899e+00  1.7980e+00  9.8684e-01  6.7396e+00  3.5861e+00  8.3891e-01  3.4816e+00  1.3863e+00  8.0557e-01  3.1039e+00  2.0674e+00  2.6094e+00  1.7312e+00  2.1188e+00  1.5272e+00  1.2496e+00  7.2239e-01  2.9283e-01  1.2792e+00  1.5385e+00  1.3754e+00 -1.6821e+00 -5.1936e+00  8.9353e-02 -1.8164e+00  8.7327e-01  2.4063e+00  1.8561e+00  7.8375e+00  1.5068e+00
  1.0700e+01  1.7045e+00  1.8124e+00  1.3159e+00  7.4673e+00  4.0252e+00  9.0354e-01  3.6341e+00  1.2974e+00  4.5453e-01  2.8538e+00  2.0903e+00  2.6424e+00  2.0565e+00  2.3065e+00  1.6792e+00  1.3483e+00  6.7947e-01  2.6998e-01  1.8194e+00  1.5389e+00  1.3744e+00 -2.8087e+00 -6.9145e+00 -4.6429e-01 -2.8317e+00  8.2762e-01  2.3178e+00  1.7774e+00  1.1053e+01  1.6158e+00
  1.0800e+01  1.7183e+00  1.8272e+00  1.2439e+00  8.1046e+00  4.3118e+00  9.7732e-01  4.0090e+00  1.4976e+00  3.1828e-01  3.3986e+00  2.0853e+00  2.6340e+00  1.9303e+00  2.3925e+00  1.7231e+00  1.4221e+00  7.9256e-01  3.3006e-01  1.5323e+00  1.5393e+00  1.3775e+00 -3.2969e+00 -7.5033e+00 -7.9677e-01 -3.1720e+00  8.7275e-01  2.4260e+00  1.8610e+00  1.0497e+01  1.7179e+00
  1.0900e+01  1.7205e+00  1.8305e+00  1.2498e+00  8.3940e+00  4.4229e+00  9.9382e-01  4.0985e+00  1.5758e+00  3.1459e-01  3.4793e+00  2.0844e+00  2.6325e+00  1.9069e+00  2.4039e+00  1.7218e+00  1.4215e+00  8.0057e-01  3.2657e-01  1.5114e+00  1.5391e+00  1.3770e+00 -3.4733e+00 -7.7737e+00 -8.7807e-01 -3.2956e+00  8.8159e-01  2.4473e+00  1.8769e+00  1.3646e+01  1.7881e+00
  1.1000e+01  1.7075e+00  1.8286e+00  2.0673e+00  7.9007e+00  4.7710e+00  1.0395e+00  3.6911e+00  9.8668e-01  2.2358e-01  1.9152e+00  2.1434e+00  2.7215e+00  2.9020e+00  2.6281e+00  1.9543e+00  1.5144e+00  5.4146e-01  1.8937e-01  2.9823e+00  1.5363e+00  1.3679e+00 -3.4823e+00 -8.5205e+00 -3.1333e-01 -3.6429e+00  7.5773e-01  2.1831e+00  1.6699e+00  2.6862e+01  1.7987e+00
