log_age	F1370	F1400	F1425	F1460	UV_1501	F1533	F1550	UV_1719	F1853	F1978
6.0	1.9791e-01	1.7248e-01	8.0257e-02	3.7042e-03	6.5152e-02	5.8978e-02	5.2792e-01	8.3629e-02	5.7494e-02	2.6391e+00
6.1	2.2061e-01	1.6697e-01	7.4644e-02	3.6124e-03	6.2641e-02	5.7211e-02	5.4352e-01	7.7162e-02	5.2852e-02	2.5015e+00
6.2	2.7344e-01	1.6508e-01	7.4012e-02	8.0741e-03	5.9536e-02	5.6897e-02	5.5659e-01	7.3838e-02	5.1565e-02	2.3779e+00
6.3	3.2121e-01	1.6349e-01	8.0257e-02	2.0972e-02	6.4647e-02	5.2418e-02	5.9677e-01	9.3664e-02	5.5835e-02	2.0938e+00
6.4	2.8893e-01	1.4575e-01	1.9122e-01	5.8099e-02	6.6079e-02	4.0519e-02	4.9554e-01	3.5560e-01	1.4146e-01	1.0414e+00
6.5	2.7960e-01	1.2137e-01	1.3521e-01	1.8419e-02	5.6923e-02	3.5854e-02	5.6213e-01	2.5429e-01	1.4165e-01	1.4318e+00
6.6	2.0686e-01	1.6251e-01	1.1782e-01	2.1887e-02	8.2615e-02	4.2566e-02	6.0294e-01	2.3890e-01	1.3040e-01	1.5297e+00
6.7	1.5948e-01	1.9895e-01	1.1693e-01	2.2770e-02	1.0920e-01	5.4205e-02	6.3944e-01	2.3081e-01	1.0850e-01	1.6018e+00
6.8	1.3561e-01	2.2378e-01	1.2664e-01	2.5187e-02	1.1497e-01	6.2352e-02	6.6882e-01	2.5275e-01	1.1218e-01	1.5166e+00
6.9	1.2122e-01	2.3797e-01	1.4241e-01	3.1500e-02	1.1030e-01	7.4474e-02	7.0646e-01	2.9345e-01	1.1733e-01	1.3972e+00
7.0	1.1173e-01	2.7267e-01	1.6122e-01	3.8167e-02	1.0084e-01	9.6870e-02	8.9216e-01	3.3226e-01	1.2062e-01	1.2419e+00
7.1	1.0733e-01	3.1217e-01	1.8099e-01	4.3230e-02	9.0133e-02	1.1236e-01	1.0472e+00	3.4727e-01	1.3082e-01	1.2015e+00
7.2	1.0727e-01	3.2491e-01	2.0938e-01	4.7932e-02	7.9979e-02	1.0907e-01	7.9959e-01	3.1442e-01	1.4260e-01	1.1452e+00
7.3	1.1240e-01	3.5279e-01	2.3393e-01	5.4170e-02	7.9525e-02	1.0563e-01	6.1020e-01	2.9957e-01	1.5933e-01	1.1070e+00
7.4	1.3410e-01	3.8098e-01	2.8990e-01	6.9165e-02	7.8852e-02	1.0537e-01	5.0804e-01	2.9323e-01	1.7441e-01	1.0663e+00
7.5	1.4534e-01	3.9035e-01	2.1758e-01	5.8799e-02	9.0229e-02	8.8021e-02	3.8689e-01	3.2913e-01	1.5646e-01	8.4033e-01
7.6	1.5294e-01	3.9836e-01	9.9342e-02	4.3862e-02	1.0641e-01	7.1405e-02	3.1941e-01	3.9909e-01	1.2385e-01	5.9014e-01
7.7	1.5542e-01	3.5509e-01	1.0419e-01	5.4608e-02	9.6394e-02	5.9234e-02	2.8110e-01	4.1785e-01	1.2199e-01	4.8101e-01
7.8	1.6109e-01	3.1044e-01	1.1469e-01	6.8007e-02	8.2934e-02	4.6487e-02	2.3553e-01	4.4558e-01	1.2116e-01	3.4858e-01
7.9	1.7078e-01	2.5375e-01	1.3378e-01	8.6673e-02	6.2789e-02	2.9868e-02	1.7389e-01	4.8985e-01	1.2203e-01	1.7909e-01
8.0	1.7069e-01	2.3508e-01	1.3824e-01	9.5620e-02	4.6680e-02	1.7670e-02	1.3382e-01	5.0925e-01	1.1947e-01	1.1680e-01
8.1	1.8065e-01	2.2027e-01	1.5740e-01	1.1198e-01	2.6906e-02	2.6078e-03	8.1102e-02	5.4393e-01	1.2386e-01	1.1202e-02
8.2	2.0080e-01	2.1733e-01	1.9287e-01	1.3501e-01	3.1362e-03	-1.5742e-02	1.6673e-02	5.8687e-01	1.3517e-01	-1.1354e-01
8.3	2.1796e-01	2.7019e-01	2.0551e-01	1.5161e-01	-1.8930e-02	-3.3822e-02	-3.6875e-02	6.0826e-01	1.4718e-01	-1.5883e-01
8.4	2.4505e-01	3.4318e-01	2.1913e-01	1.6852e-01	-3.9252e-02	-5.1231e-02	-8.9288e-02	6.2767e-01	1.5807e-01	-2.0146e-01
8.5	2.9108e-01	4.9776e-01	2.3253e-01	2.0308e-01	-7.1772e-02	-8.2872e-02	-1.7517e-01	6.6803e-01	1.8767e-01	-2.9201e-01
8.6	3.6692e-01	7.8156e-01	2.3239e-01	2.5278e-01	-1.0434e-01	-1.2022e-01	-2.7113e-01	7.0498e-01	2.1319e-01	-3.5959e-01
8.7	4.4176e-01	1.0317e+00	2.3347e-01	2.7780e-01	-1.1873e-01	-1.4381e-01	-3.3839e-01	7.0412e-01	2.1869e-01	-3.7596e-01
8.8	5.4763e-01	1.3871e+00	2.4789e-01	3.2709e-01	-1.5076e-01	-1.9559e-01	-4.8764e-01	7.2306e-01	2.5378e-01	-4.6903e-01
8.9	6.3498e-01	1.6938e+00	2.6039e-01	3.5462e-01	-1.7618e-01	-2.2224e-01	-5.5579e-01	7.3498e-01	2.7286e-01	-5.1033e-01
9.0	8.3728e-01	2.4190e+00	2.6375e-01	4.7474e-01	-2.5472e-01	-3.3959e-01	-8.7573e-01	8.0076e-01	3.3995e-01	-7.1610e-01
9.1	9.6649e-01	2.9636e+00	2.0559e-01	4.3673e-01	-2.6077e-01	-2.8541e-01	-6.7104e-01	8.0330e-01	3.2390e-01	-5.2163e-01
9.2	1.2719e+00	4.0787e+00	1.2708e-01	4.9918e-01	-3.2017e-01	-3.3994e-01	-7.7331e-01	8.5456e-01	3.5126e-01	-3.9363e-01
9.3	1.7248e+00	5.5926e+00	4.7364e-02	6.6731e-01	-4.1509e-01	-4.7793e-01	-1.1208e+00	9.1653e-01	3.8914e-01	-5.3579e-01
9.4	2.3455e+00	7.4644e+00	-2.9150e-02	9.2199e-01	-5.4432e-01	-6.9993e-01	-1.7316e+00	9.4990e-01	4.3048e-01	-7.1458e-01
9.5	3.2976e+00	9.9015e+00	-7.6889e-02	1.3224e+00	-7.6268e-01	-1.1224e+00	-2.9703e+00	9.1686e-01	4.8794e-01	-9.9844e-01
9.6	4.5527e+00	1.2262e+01	6.8065e-02	1.8975e+00	-1.1416e+00	-1.9512e+00	-5.4222e+00	8.0144e-01	5.3002e-01	-1.4278e+00
9.7	3.4423e+00	8.9504e+00	4.3505e-01	1.9177e+00	-1.0410e+00	-1.7531e+00	-4.6942e+00	6.4619e-01	5.6432e-01	-1.6518e+00
9.8	6.7445e-01	1.8790e+00	4.1818e-01	7.3156e-01	-3.6312e-01	-4.2241e-01	-1.0309e+00	6.7369e-01	5.5808e-01	-1.4372e+00
9.9	3.7015e-01	3.7965e-01	5.1731e-01	3.7689e-01	-1.6073e-01	-1.5754e-01	-4.0385e-01	8.2676e-01	4.6358e-01	-1.0324e+00
10.0	3.1944e-01	1.3550e-01	4.0863e-01	2.6152e-01	-6.8925e-02	-8.1531e-02	-2.1786e-01	9.3005e-01	3.5564e-01	-6.8909e-01
10.1	2.2257e-01	1.1230e-01	2.1983e-01	1.6161e-01	-8.2507e-03	-3.3161e-02	-4.9093e-02	8.4147e-01	2.8192e-01	-2.2123e-01
10.2	1.5001e-01	1.5433e-01	1.3072e-01	1.0241e-01	3.4879e-02	4.0913e-03	9.7227e-02	8.2605e-01	3.0590e-01	2.0796e-01
10.3	1.3362e-01	2.3523e-01	1.1692e-01	7.7434e-02	6.4093e-02	3.0270e-02	1.9112e-01	6.7995e-01	2.8324e-01	5.2534e-01
10.4	1.4147e-01	2.9588e-01	1.1934e-01	6.2801e-02	8.3402e-02	5.0287e-02	2.5059e-01	5.4808e-01	2.4784e-01	7.0892e-01
10.5	1.3530e-01	3.6345e-01	1.0739e-01	4.0344e-02	1.0277e-01	7.2628e-02	3.2405e-01	4.2655e-01	2.1856e-01	9.5546e-01
10.6	1.3366e-01	2.8031e-01	3.2803e-01	5.7474e-02	6.3067e-02	8.3018e-02	3.5123e-01	2.0168e-01	2.4391e-01	1.3491e+00
10.7	1.5513e-01	2.7636e-01	2.5897e-01	8.2169e-02	5.1394e-02	9.1205e-02	6.2143e-01	1.8002e-01	1.9036e-01	1.8816e+00
10.8	6.8300e-01	6.9052e-01	1.5532e-01	4.2110e-01	3.5551e-02	9.8401e-02	1.5253e+00	5.4603e-01	1.6688e-01	2.5750e+00
10.9	6.3146e-01	6.0951e-01	1.3396e-01	3.6388e-01	4.4040e-02	1.0235e-01	1.6041e+00	6.1613e-01	2.6093e-01	3.2255e+00
11.0	6.1167e-01	5.9869e-01	1.3990e-01	3.5308e-01	4.2765e-02	9.8668e-02	1.5505e+00	5.6290e-01	1.2551e-01	2.7271e+00
