log_age	F1370	F1400	F1425	F1460	UV_1501	F1533	F1550	UV_1719	F1853	F1978
6.0	2.6190e+00	4.5374e+00	6.4460e-01	2.0139e+00	1.8407e+00	4.1403e+00	8.5710e+00	2.2999e+00	9.7387e-01	1.1248e+00
6.1	2.2864e+00	4.3299e+00	6.2516e-01	1.9901e+00	1.9808e+00	3.4656e+00	8.5825e+00	2.3372e+00	1.0821e+00	1.0398e+00
6.2	2.3310e+00	4.2706e+00	1.9548e-01	1.8579e+00	2.1170e+00	3.6796e+00	9.0604e+00	2.1043e+00	1.1159e+00	7.4889e-01
6.3	1.8722e+00	4.0923e+00	8.4426e-01	1.9026e+00	2.1761e+00	3.0112e+00	1.0340e+01	2.1881e+00	1.1442e+00	2.4167e+00
6.4	1.5347e+00	4.0886e+00	1.3744e+00	1.7597e+00	1.9333e+00	2.3553e+00	9.7350e+00	2.2792e+00	1.3169e+00	4.1866e+00
6.5	1.3082e+00	3.8440e+00	1.7687e+00	1.7110e+00	1.9690e+00	1.9695e+00	9.1107e+00	2.1738e+00	1.6819e+00	3.2741e+00
6.6	1.2645e+00	5.0929e+00	2.2179e+00	1.7049e+00	1.8897e+00	1.7315e+00	8.6451e+00	2.7804e+00	2.1362e+00	1.9841e+00
6.7	1.2078e+00	6.7678e+00	2.4691e+00	1.8079e+00	1.6818e+00	1.4982e+00	8.2965e+00	3.0575e+00	1.9962e+00	2.9902e+00
6.8	1.2244e+00	7.1382e+00	2.6249e+00	1.5457e+00	1.2627e+00	1.2176e+00	7.0871e+00	3.7387e+00	2.0095e+00	3.6496e+00
6.9	1.3740e+00	7.4746e+00	2.2934e+00	5.1565e-01	7.0878e-01	9.9988e-01	5.2187e+00	3.8768e+00	2.0802e+00	3.6373e+00
7.0	1.6438e+00	8.1017e+00	1.8476e+00	-1.2405e+00	1.2501e-01	6.2654e-01	1.9475e+00	3.4439e+00	2.2403e+00	2.5463e+00
7.1	1.8087e+00	7.2776e+00	1.9650e+00	-1.0172e+00	2.0363e-01	6.0809e-01	1.7463e+00	3.7308e+00	2.5985e+00	2.4103e+00
7.2	1.9140e+00	6.3677e+00	2.0468e+00	-7.1293e-01	1.7858e-01	5.5281e-01	1.5360e+00	3.9066e+00	2.8640e+00	2.0688e+00
7.3	1.9425e+00	5.4334e+00	2.0919e+00	-3.8401e-01	8.3073e-02	4.8911e-01	1.3515e+00	4.0363e+00	3.0351e+00	1.6105e+00
7.4	1.9118e+00	4.4044e+00	2.0835e+00	-4.5295e-02	-8.4203e-02	4.2244e-01	1.2008e+00	4.1234e+00	3.1335e+00	1.0300e+00
7.5	1.8575e+00	3.4010e+00	2.0342e+00	2.7575e-01	-3.0029e-01	3.7117e-01	1.1097e+00	4.1852e+00	3.2101e+00	3.9283e-01
7.6	1.7968e+00	2.4192e+00	1.9556e+00	6.4517e-01	-5.7429e-01	3.5779e-01	1.1019e+00	4.2471e+00	3.2960e+00	-3.2967e-01
7.7	1.7349e+00	1.5439e+00	1.8311e+00	1.1519e+00	-9.0347e-01	4.1612e-01	1.2103e+00	4.2847e+00	3.3423e+00	-1.1265e+00
7.8	1.6868e+00	8.7135e-01	1.6812e+00	1.7853e+00	-1.2361e+00	5.6666e-01	1.4383e+00	4.3161e+00	3.3825e+00	-1.8787e+00
7.9	1.6667e+00	3.8543e-01	1.4678e+00	2.5665e+00	-1.5680e+00	7.7251e-01	1.7161e+00	4.3032e+00	3.4080e+00	-2.5142e+00
8.0	1.7152e+00	1.0904e-01	1.1835e+00	3.4684e+00	-1.8849e+00	9.4567e-01	1.9463e+00	4.2334e+00	3.4132e+00	-2.9497e+00
8.1	1.8960e+00	8.5656e-02	8.3266e-01	4.4957e+00	-2.1525e+00	1.0022e+00	2.0678e+00	4.1218e+00	3.3890e+00	-3.1272e+00
8.2	2.2420e+00	3.4824e-01	4.2359e-01	5.7197e+00	-2.3122e+00	8.6527e-01	2.0534e+00	4.0205e+00	3.3421e+00	-3.0345e+00
8.3	2.8112e+00	1.0757e+00	-9.7468e-02	7.2204e+00	-2.2247e+00	3.5291e-01	1.6952e+00	3.9764e+00	3.3279e+00	-2.5800e+00
8.4	3.5727e+00	2.3399e+00	-7.0337e-01	8.5381e+00	-1.4085e+00	-9.1165e-01	7.8312e-01	4.0538e+00	3.4215e+00	-1.6392e+00
8.5	4.3373e+00	3.7220e+00	-1.2715e+00	8.7804e+00	1.5356e+00	-3.1051e+00	-2.4440e-01	4.1839e+00	3.7261e+00	-8.1999e-02
8.6	1.6980e+00	1.5676e+00	-6.6451e-02	3.3631e+00	6.0385e+00	-4.8378e+00	6.7226e-01	4.2342e+00	4.2469e+00	2.1420e+00
8.7	5.4643e-01	6.3803e-01	4.3950e-01	3.0483e-01	4.0740e+00	-3.8931e+00	1.6352e+00	4.3130e+00	4.9554e+00	4.9024e+00
8.8	3.2659e-01	4.3957e-01	2.5125e-01	1.0771e-01	6.4216e-01	-5.0667e-01	1.8840e-01	5.2085e+00	5.7451e+00	7.7517e+00
8.9	2.8447e-01	3.8601e-01	1.9205e-01	1.4918e-01	9.0302e-02	1.4235e-03	4.5707e-01	6.7419e+00	6.5242e+00	1.0319e+01
9.0	3.0378e-01	4.1605e-01	1.6888e-01	2.4971e-01	-6.2384e-02	6.3977e-02	5.1209e-01	6.2847e+00	6.6025e+00	1.1738e+01
9.1	3.2891e-01	4.4773e-01	1.7833e-01	3.4929e-01	-1.2162e-01	3.2198e-02	5.3126e-01	4.3240e+00	5.6148e+00	1.1577e+01
9.2	3.5172e-01	4.6111e-01	1.9781e-01	3.5995e-01	-1.4050e-01	-2.3453e-02	5.3259e-01	3.4497e+00	4.6150e+00	1.1300e+01
9.3	2.0123e-01	3.3440e-01	1.3865e-01	8.4627e-02	5.6550e-06	4.7501e-02	3.0059e-01	1.0646e+00	2.0279e+00	8.5264e+00
9.4	2.3571e-01	3.6000e-01	1.5975e-01	1.2181e-01	-4.0811e-02	5.7668e-02	3.1230e-01	6.6605e-01	1.0130e+00	5.7420e+00
9.5	2.6321e-01	3.9192e-01	1.6807e-01	1.6058e-01	-6.3650e-02	4.5399e-02	3.3215e-01	6.8757e-01	8.6072e-01	4.9266e+00
9.6	2.3759e-01	3.6082e-01	1.5861e-01	1.3467e-01	-4.5044e-02	5.0610e-02	3.1422e-01	5.2160e-01	5.6795e-01	3.4563e+00
9.7	2.3888e-01	3.6268e-01	1.5985e-01	1.3577e-01	-4.6055e-02	5.0014e-02	3.1428e-01	4.9661e-01	4.8760e-01	2.8054e+00
9.8	2.5752e-01	3.8641e-01	1.6664e-01	1.4745e-01	-5.7413e-02	4.7335e-02	3.2066e-01	5.2690e-01	4.7751e-01	2.2970e+00
9.9	2.8715e+00	1.1438e+00	-1.0893e-01	7.1825e+00	-2.1426e+00	4.8883e-01	1.3551e+00	3.7686e+00	3.4722e+00	-2.1978e+00
10.0	1.6592e+00	3.8018e+00	1.6622e+00	1.3031e+00	7.1648e-01	2.4655e+00	8.4499e+00	3.3776e+00	1.6506e+00	3.5199e+00
10.1	2.4293e+00	3.9100e+00	1.4558e+00	1.7824e+00	-4.5106e-03	1.9652e+00	1.0575e+01	4.2843e+00	1.4396e+00	3.1017e+00
10.2	2.0998e+00	3.8403e+00	1.6166e+00	1.6426e+00	1.3638e-01	2.2526e+00	1.0891e+01	4.8431e+00	1.6436e+00	3.2729e+00
10.3	2.5398e+00	4.0976e+00	1.5573e+00	2.1678e+00	2.8397e-01	1.9718e+00	1.0330e+01	3.6774e+00	1.5935e+00	3.1529e+00
10.4	1.8721e+00	3.5666e+00	1.7847e+00	1.9238e+00	6.4682e-01	2.6339e+00	1.1044e+01	4.8226e+00	1.6539e+00	3.8551e+00
10.5	2.2665e+00	4.1162e+00	1.9833e+00	2.6585e+00	9.7135e-01	2.4615e+00	1.0707e+01	3.2387e+00	1.6030e+00	4.4659e+00
10.6	1.8568e+00	4.3444e+00	2.3346e+00	2.8283e+00	1.4459e+00	2.8503e+00	1.0833e+01	3.5639e+00	2.1402e+00	5.4426e+00
10.7	2.5995e+00	4.1657e+00	1.7538e+00	2.6925e+00	7.5807e-01	2.3105e+00	1.0632e+01	3.4156e+00	1.2595e+00	4.4376e+00
10.8	2.2460e+00	4.0331e+00	1.9284e+00	2.7205e+00	1.0864e+00	2.6533e+00	1.0850e+01	3.8090e+00	1.4877e+00	4.8641e+00
10.9	1.1690e+00	3.8343e+00	2.5241e+00	2.6604e+00	1.8779e+00	3.3505e+00	1.1053e+01	4.0821e+00	2.6214e+00	5.4816e+00
11.0	1.1636e+00	3.9745e+00	2.5760e+00	2.7279e+00	1.9302e+00	3.3568e+00	1.0997e+01	4.0743e+00	2.7390e+00	5.6938e+00
