log_age	F1370	F1400	F1425	F1460	UV_1501	F1533	F1550	UV_1719	F1853	F1978
6.0	2.6866e+00	2.2752e+00	6.7831e-01	1.1530e+00	9.2043e-01	2.4316e+00	5.2557e+00	1.0432e+00	2.0186e-01	1.4370e+00
6.1	2.5827e+00	2.3320e+00	7.2985e-01	1.3877e+00	1.1305e+00	2.1263e+00	6.2563e+00	1.4828e+00	2.9767e-01	1.2284e+00
6.2	2.1615e+00	1.6473e+00	7.5039e-01	1.4118e+00	1.2588e+00	1.9345e+00	6.7962e+00	1.6645e+00	4.7104e-01	1.1829e+00
6.3	1.6503e+00	1.6792e+00	9.1629e-01	1.4022e+00	1.2538e+00	1.7075e+00	7.0589e+00	1.8997e+00	7.0168e-01	1.5130e+00
6.4	1.3323e+00	2.8339e+00	1.0381e+00	1.1948e+00	1.2733e+00	1.5864e+00	6.5765e+00	1.9829e+00	8.8035e-01	1.6549e+00
6.5	1.1255e+00	1.7924e+00	9.9443e-01	1.0550e+00	1.3932e+00	1.5223e+00	6.7852e+00	2.1562e+00	1.0680e+00	1.4581e+00
6.6	8.4801e-01	1.6897e+00	9.5288e-01	1.1613e+00	1.5810e+00	1.5332e+00	7.7374e+00	2.1419e+00	1.0948e+00	1.4586e+00
6.7	6.2819e-01	2.2563e+00	1.2087e+00	1.3762e+00	1.5143e+00	1.4297e+00	8.4105e+00	2.2870e+00	1.2675e+00	2.0717e+00
6.8	5.2590e-01	2.0915e+00	1.4657e+00	1.4454e+00	1.3731e+00	1.3148e+00	8.3120e+00	2.3759e+00	1.4606e+00	2.8735e+00
6.9	6.3642e-01	4.4719e+00	1.7201e+00	1.5111e+00	1.0873e+00	1.2145e+00	7.7013e+00	2.6355e+00	1.6298e+00	3.6373e+00
7.0	8.5314e-01	5.3208e+00	1.5812e+00	9.8951e-01	7.3084e-01	1.0249e+00	5.9826e+00	2.5770e+00	1.6356e+00	3.7673e+00
7.1	1.0529e+00	4.9302e+00	1.2298e+00	-3.9988e-02	3.5553e-01	7.1146e-01	3.5592e+00	2.4300e+00	1.5434e+00	3.2299e+00
7.2	1.2343e+00	4.5414e+00	1.0543e+00	-6.9478e-01	1.4513e-01	4.7812e-01	1.9259e+00	2.4544e+00	1.5756e+00	2.6081e+00
7.3	1.4088e+00	4.0340e+00	1.1316e+00	-5.6717e-01	7.4220e-02	4.1938e-01	1.5933e+00	2.5675e+00	1.7459e+00	2.1844e+00
7.4	1.5252e+00	3.6552e+00	1.1894e+00	-4.4496e-01	4.4331e-02	3.3886e-01	1.3341e+00	2.5980e+00	1.8100e+00	1.9387e+00
7.5	1.5738e+00	3.1683e+00	1.2546e+00	-2.4395e-01	-1.7376e-02	2.7085e-01	1.1608e+00	2.6216e+00	1.8663e+00	1.4953e+00
7.6	1.5802e+00	2.6496e+00	1.2980e+00	-8.7546e-02	-9.8423e-02	1.9230e-01	9.4449e-01	2.6246e+00	1.8948e+00	1.0450e+00
7.7	1.5639e+00	2.0315e+00	1.3002e+00	1.5976e-02	-2.2060e-01	1.0886e-01	7.0062e-01	2.6152e+00	1.9164e+00	5.5707e-01
7.8	1.5194e+00	1.4539e+00	1.3035e+00	1.3723e-01	-3.5164e-01	4.8237e-02	5.2568e-01	2.6399e+00	1.9460e+00	-7.3180e-02
7.9	1.4758e+00	9.5327e-01	1.3135e+00	2.7960e-01	-4.8226e-01	8.3647e-03	4.2125e-01	2.6848e+00	1.9905e+00	-7.0867e-01
8.0	1.4517e+00	5.4944e-01	1.3268e+00	4.8437e-01	-6.1906e-01	-3.1514e-03	4.2085e-01	2.7331e+00	2.0378e+00	-1.2343e+00
8.1	1.4214e+00	1.8749e-01	1.3319e+00	7.7937e-01	-7.7501e-01	-7.2549e-03	4.4129e-01	2.7685e+00	2.0778e+00	-1.7263e+00
8.2	1.4201e+00	-1.1804e-01	1.3388e+00	1.1768e+00	-9.4401e-01	5.6020e-03	4.8440e-01	2.8091e+00	2.1401e+00	-2.1511e+00
8.3	1.4617e+00	-1.5139e-01	1.3006e+00	1.7018e+00	-1.0684e+00	-3.2485e-03	5.3295e-01	2.8119e+00	2.1776e+00	-2.3182e+00
8.4	1.5595e+00	-2.7694e-02	1.2326e+00	2.3776e+00	-1.1617e+00	-6.4991e-02	5.4991e-01	2.8208e+00	2.2176e+00	-2.3534e+00
8.5	1.7884e+00	3.7603e-01	1.1034e+00	3.4785e+00	-1.2397e+00	-2.3329e-01	5.0568e-01	2.8758e+00	2.2912e+00	-2.2884e+00
8.6	2.1195e+00	1.2142e+00	9.0711e-01	4.8181e+00	-1.2210e+00	-7.4482e-01	2.3456e-01	3.0466e+00	2.4021e+00	-2.0082e+00
8.7	2.3753e+00	2.2319e+00	7.2620e-01	5.1740e+00	-8.1383e-01	-1.8576e+00	-9.2283e-01	3.2738e+00	2.5698e+00	-1.2787e+00
8.8	1.8500e+00	1.2274e+00	9.8979e-01	3.2484e+00	-3.7040e-01	-2.5688e+00	-1.9750e+00	3.4337e+00	2.8112e+00	-3.8892e-01
8.9	1.4944e+00	3.9975e-01	1.2132e+00	2.3952e+00	-3.9851e-01	-2.3894e+00	-1.9533e+00	3.4830e+00	3.2191e+00	8.9580e-01
9.0	1.5645e+00	7.2322e-01	1.1733e+00	2.5370e+00	-6.9980e-01	-1.0935e+00	-3.9962e-01	3.4646e+00	3.8194e+00	2.6400e+00
9.1	1.5638e+00	5.4675e-01	1.1170e+00	2.7978e+00	-9.6466e-01	-4.1450e-01	3.5885e-01	3.5868e+00	4.3854e+00	4.1162e+00
9.2	1.8076e+00	1.2683e+00	9.2991e-01	3.8634e+00	-9.7706e-01	-7.4823e-01	2.4410e-01	4.0991e+00	4.7487e+00	5.0761e+00
9.3	1.8428e+00	1.4549e+00	8.8756e-01	4.2398e+00	-8.6089e-01	-1.0412e+00	8.3435e-02	4.3706e+00	4.7946e+00	5.4250e+00
9.4	1.8885e+00	2.1934e+00	7.0180e-01	4.4149e+00	-6.1549e-01	-1.2205e+00	3.7695e-02	4.6672e+00	5.1827e+00	6.5133e+00
9.5	1.6699e+00	2.6184e+00	5.1425e-01	3.8597e+00	-1.0107e-01	-2.5315e+00	-1.2365e+00	4.8214e+00	5.1848e+00	6.9105e+00
9.6	9.7593e-01	1.4602e+00	6.1826e-01	1.4632e+00	5.3700e-02	-8.8180e-01	5.0742e-02	4.5833e+00	5.4839e+00	8.1740e+00
9.7	7.1566e-01	1.1445e+00	6.9937e-01	3.2819e-01	1.2583e-01	5.2938e-01	1.5708e+00	4.3229e+00	5.8545e+00	1.0277e+01
9.8	8.2047e-01	1.3185e+00	8.2909e-01	3.8616e-01	1.4542e-01	7.1656e-01	1.9977e+00	4.0609e+00	5.6789e+00	1.0694e+01
9.9	4.7648e-01	6.1578e-01	3.0737e-01	2.3495e-01	-4.0168e-02	-6.7846e-02	3.0428e-01	3.5460e+00	5.3952e+00	1.1099e+01
10.0	9.1390e-01	1.3921e+00	8.6315e-01	4.0025e-01	1.3507e-01	6.4714e-01	1.9076e+00	2.4743e+00	3.2784e+00	6.9403e+00
10.1	4.7359e-01	7.0632e-01	3.0245e-01	2.7821e-01	5.2274e-02	1.7504e-01	7.0136e-01	1.9811e+00	3.5210e+00	1.0221e+01
10.2	8.6392e-01	1.3941e+00	8.3460e-01	3.6220e-01	1.0792e-01	6.4215e-01	1.8688e+00	1.7711e+00	1.7857e+00	4.7119e+00
10.3	1.0052e+00	1.6269e+00	1.0745e+00	4.2887e-01	2.1525e-01	9.7952e-01	2.6006e+00	2.0534e+00	1.8908e+00	4.0144e+00
10.4	7.7280e-01	1.1343e+00	6.6664e-01	3.1439e-01	-3.7181e-02	3.4083e-01	1.1091e+00	1.4705e+00	1.2454e+00	2.0368e+00
10.5	2.8141e-01	4.4219e-01	1.8972e-01	1.4239e-01	-3.8349e-02	9.4548e-03	2.6165e-01	5.3476e-01	5.6735e-01	3.8062e+00
10.6	1.5705e+00	2.1295e+00	-9.3293e-02	3.8296e+00	2.4231e+00	-4.5899e+00	-6.6181e+00	2.5233e+00	3.5646e+00	1.7979e+00
10.7	1.4007e+00	-4.4164e-01	1.2691e+00	1.5273e+00	-1.0755e+00	4.8817e-02	2.7713e-01	2.7372e+00	2.2102e+00	-2.4344e+00
10.8	1.2457e+00	1.1535e+00	1.4218e+00	8.6780e-01	2.4481e-01	1.0806e+00	3.0996e+00	2.0887e+00	1.6774e+00	1.5498e+00
10.9	3.1296e+00	3.9835e+00	1.1087e+00	1.8102e+00	-5.9932e-01	1.3558e+00	1.0333e+01	3.2373e+00	-1.1788e-01	4.4584e+00
11.0	2.0693e+00	3.7174e+00	1.3921e+00	8.7355e-01	-6.8658e-01	1.5224e+00	1.1261e+01	2.6419e+00	1.4001e+00	1.2889e+00
