log_age	F1370	F1400	F1425	F1460	UV_1501	F1533	F1550	UV_1719	F1853	F1978
6.0	8.5060e-02	1.5808e-01	7.4543e-02	3.1955e-03	3.8531e-02	5.5116e-02	4.3732e-01	7.5346e-02	5.6884e-02	2.7327e+00
6.1	8.5838e-02	1.5200e-01	7.1439e-02	2.1196e-03	3.7402e-02	5.3823e-02	4.3069e-01	7.3789e-02	5.5917e-02	2.6115e+00
6.2	8.8743e-02	1.4808e-01	6.9459e-02	1.7869e-03	3.6538e-02	5.2900e-02	4.2369e-01	7.2631e-02	5.5186e-02	2.5124e+00
6.3	1.0852e-01	1.5466e-01	6.5883e-02	1.2144e-02	3.5101e-02	5.1415e-02	4.3269e-01	8.1267e-02	5.2595e-02	2.3007e+00
6.4	1.4503e-01	1.9825e-01	6.0101e-02	5.0518e-02	3.8906e-02	5.2486e-02	5.0605e-01	1.1260e-01	4.5888e-02	1.9891e+00
6.5	9.4323e-02	1.5848e-01	6.1159e-02	3.1225e-02	4.2138e-02	4.9047e-02	4.4741e-01	9.8945e-02	4.5196e-02	1.8120e+00
6.6	6.1721e-02	1.5853e-01	6.2068e-02	2.4824e-02	5.1709e-02	5.4806e-02	4.6530e-01	6.2823e-02	4.3525e-02	1.8196e+00
6.7	2.3846e-02	1.6840e-01	6.5935e-02	2.6752e-02	6.2085e-02	6.0885e-02	5.1338e-01	3.2909e-02	4.4204e-02	1.8562e+00
6.8	-4.4323e-02	1.9129e-01	7.2474e-02	3.9863e-02	9.4340e-02	7.9875e-02	5.7498e-01	-8.2637e-03	4.1788e-02	1.7159e+00
6.9	-1.9898e-02	1.9068e-01	7.6445e-02	3.9319e-02	8.7815e-02	7.7225e-02	5.8043e-01	1.3926e-02	4.1867e-02	1.6771e+00
7.0	8.1890e-03	1.8413e-01	7.7784e-02	3.4767e-02	7.1515e-02	6.9469e-02	5.3759e-01	3.7909e-02	4.3194e-02	1.5706e+00
7.1	6.4178e-02	1.8033e-01	8.1437e-02	2.4436e-02	4.1528e-02	5.5007e-02	4.5019e-01	7.9008e-02	4.4969e-02	1.4178e+00
7.2	8.1324e-02	1.9307e-01	8.7589e-02	2.3620e-02	3.5291e-02	5.2698e-02	3.8256e-01	8.9204e-02	4.2711e-02	1.2145e+00
7.3	8.0137e-02	1.9224e-01	8.4203e-02	2.3398e-02	3.4224e-02	4.9347e-02	3.0457e-01	8.8146e-02	3.7855e-02	1.0118e+00
7.4	7.9738e-02	2.0260e-01	8.7905e-02	2.3355e-02	3.3639e-02	4.7538e-02	2.5851e-01	8.2708e-02	3.8022e-02	9.3689e-01
7.5	8.1721e-02	2.1237e-01	8.9890e-02	2.5144e-02	3.5090e-02	4.7160e-02	2.2297e-01	8.5272e-02	3.9617e-02	8.9874e-01
7.6	8.1489e-02	2.0995e-01	8.3397e-02	2.5823e-02	3.6892e-02	4.6430e-02	2.0436e-01	9.4124e-02	4.0114e-02	8.6449e-01
7.7	8.8623e-02	2.0996e-01	6.6564e-02	2.8430e-02	4.1572e-02	4.6225e-02	2.0423e-01	1.1326e-01	3.5198e-02	7.7629e-01
7.8	8.7808e-02	2.0714e-01	5.9702e-02	2.8339e-02	3.9867e-02	4.2296e-02	1.8891e-01	1.2206e-01	3.3949e-02	7.0860e-01
7.9	8.2577e-02	1.9566e-01	5.2063e-02	2.7786e-02	3.5617e-02	3.6591e-02	1.6632e-01	1.3422e-01	3.3286e-02	6.3748e-01
8.0	8.2195e-02	2.0451e-01	4.7585e-02	2.6789e-02	3.1313e-02	3.2277e-02	1.4851e-01	1.4454e-01	3.4463e-02	6.1649e-01
8.1	8.1729e-02	2.1073e-01	4.0864e-02	2.6996e-02	2.6160e-02	2.6471e-02	1.2761e-01	1.6262e-01	3.4639e-02	5.7232e-01
8.2	8.3381e-02	2.2779e-01	3.3260e-02	2.7255e-02	1.9300e-02	1.8282e-02	9.8390e-02	1.8807e-01	3.4885e-02	5.1745e-01
8.3	9.3091e-02	2.7080e-01	2.6275e-02	2.8957e-02	1.2862e-02	1.0954e-02	7.4940e-02	2.0860e-01	3.6096e-02	4.8446e-01
8.4	1.0530e-01	3.1937e-01	1.9715e-02	3.1212e-02	5.7704e-03	1.9526e-03	4.6573e-02	2.3538e-01	3.6172e-02	4.4027e-01
8.5	1.3056e-01	4.2197e-01	1.1399e-02	3.6665e-02	-5.7019e-03	-1.2992e-02	-5.3514e-04	2.7021e-01	3.8316e-02	3.7858e-01
8.6	1.6346e-01	5.5535e-01	5.5054e-04	4.0194e-02	-1.5498e-02	-2.5561e-02	-4.0040e-02	2.8909e-01	4.1390e-02	3.4176e-01
8.7	2.1763e-01	7.9651e-01	-2.0375e-02	4.4036e-02	-3.0456e-02	-4.2954e-02	-9.5848e-02	2.9309e-01	5.2586e-02	3.1838e-01
8.8	2.6432e-01	1.0083e+00	-3.9453e-02	4.9977e-02	-4.3090e-02	-5.7600e-02	-1.4123e-01	3.0884e-01	6.1850e-02	2.7851e-01
8.9	3.4435e-01	1.3448e+00	-6.8487e-02	5.5619e-02	-6.6553e-02	-8.5750e-02	-2.3362e-01	3.0922e-01	7.7852e-02	2.3589e-01
9.0	3.8279e-01	1.5057e+00	-8.3574e-02	5.8261e-02	-7.2383e-02	-9.2355e-02	-2.5397e-01	3.1857e-01	8.1106e-02	2.2956e-01
9.1	4.6163e-01	1.7894e+00	-1.0719e-01	5.5667e-02	-7.7803e-02	-1.0006e-01	-2.8008e-01	2.9511e-01	8.3521e-02	2.2584e-01
9.2	6.0744e-01	2.3564e+00	-1.5103e-01	6.3294e-02	-1.0591e-01	-1.3468e-01	-3.9452e-01	2.9239e-01	1.0093e-01	1.7684e-01
9.3	8.7416e-01	3.3705e+00	-2.2399e-01	8.2489e-02	-1.7136e-01	-2.1460e-01	-6.5931e-01	2.9558e-01	1.3475e-01	7.1988e-02
9.4	1.2203e+00	4.6165e+00	-3.1650e-01	1.0313e-01	-2.5194e-01	-3.1311e-01	-9.9045e-01	2.9345e-01	1.6704e-01	-5.1139e-03
9.5	1.7849e+00	6.4450e+00	-4.4902e-01	1.2873e-01	-3.8896e-01	-4.9804e-01	-1.6350e+00	2.7098e-01	1.9787e-01	-1.0796e-01
9.6	1.7154e+00	6.1358e+00	-3.9367e-01	1.5695e-01	-4.4737e-01	-5.7437e-01	-1.8802e+00	2.2879e-01	1.9923e-01	-2.2968e-01
9.7	1.2576e+00	4.4401e+00	-1.8921e-01	1.9538e-01	-4.7716e-01	-6.1727e-01	-1.9935e+00	1.3234e-01	1.8480e-01	-4.0602e-01
9.8	3.5149e-01	1.3061e+00	-2.3633e-02	1.0090e-01	-1.4049e-01	-1.6496e-01	-4.6128e-01	-1.0981e-01	1.4612e-01	-4.3829e-01
9.9	1.6951e-01	5.6988e-01	1.4768e-02	6.7567e-02	-5.6500e-02	-7.1890e-02	-1.7353e-01	1.2557e-02	1.1339e-01	-3.6015e-01
10.0	1.0371e-01	2.8995e-01	2.4209e-02	4.6109e-02	-2.0621e-02	-3.4786e-02	-6.5854e-02	6.5439e-02	7.3130e-02	-2.9243e-01
10.1	1.0241e-01	3.1329e-01	1.8607e-02	3.7580e-02	-1.0337e-02	-1.9117e-02	-1.5673e-02	3.3735e-01	6.4827e-02	1.4805e-01
10.2	5.9660e-02	1.5492e-01	3.2627e-02	2.7687e-02	1.3731e-02	1.2648e-02	7.9579e-02	5.6527e-01	5.4822e-02	4.3403e-01
10.3	5.8297e-02	1.4036e-01	4.3080e-02	2.4204e-02	2.5230e-02	2.7203e-02	1.2320e-01	5.0482e-01	6.1270e-02	7.1257e-01
10.4	7.3570e-02	1.6402e-01	6.4751e-02	2.6078e-02	3.5417e-02	3.8131e-02	1.6164e-01	3.4315e-01	5.6279e-02	8.2855e-01
10.5	8.2107e-02	1.7944e-01	8.0699e-02	2.6536e-02	4.1777e-02	4.7496e-02	1.9651e-01	6.3845e-01	7.0364e-02	1.1560e+00
10.6	8.2631e-02	1.8472e-01	1.1068e-01	2.6846e-02	2.8926e-02	4.2201e-02	1.7871e-01	2.4887e-01	8.5545e-02	1.3179e+00
10.7	4.8466e-01	5.6078e-01	9.7170e-02	2.9840e-01	2.9687e-02	7.5543e-02	8.4400e-01	3.3937e-01	7.7676e-02	1.8994e+00
10.8	5.1567e-01	5.0768e-01	8.2590e-02	2.8848e-01	3.5261e-02	6.1524e-02	1.0383e+00	4.9700e-01	1.2714e-01	2.7280e+00
10.9	8.3730e-02	1.7959e-01	7.7738e-02	2.7467e-02	2.5632e-02	3.1732e-02	2.4453e-01	3.9523e-01	4.5116e-01	4.4026e+00
11.0	2.4750e-01	6.3298e-01	2.7385e-02	2.7176e-02	1.0234e-02	1.6714e-02	9.1280e-02	5.7771e-01	9.6889e-01	5.3108e+00
